# 3ds Max Wavefront OBJ Exporter v0.99 - (c)2007 guruware
# File Created: 28.10.2021 19:20:40

mtllib bishop.mtl

#
# object Obj3d66_450520_1_684
#

v  -12.5043 9.4816 24.0941
v  -13.3301 9.4816 25.0783
v  -12.3459 9.4816 25.9041
v  -11.5201 9.4816 24.9200
v  -11.4942 9.5138 24.9417
v  -12.3200 9.5138 25.9259
v  -12.3200 12.0239 25.9259
v  -11.4942 12.0239 24.9417
v  -13.3560 9.5138 25.0566
v  -12.5302 9.5138 24.0724
v  -12.5302 12.0239 24.0724
v  -13.3560 12.0239 25.0566
v  -12.3459 12.0561 25.9041
v  -12.7085 12.0561 25.5999
v  -11.8827 12.0561 24.6157
v  -11.5201 12.0561 24.9200
v  -12.5043 12.0561 24.0941
v  -12.1417 12.0561 24.3984
v  -12.9675 12.0561 25.3826
v  -13.3301 12.0561 25.0783
v  -12.7344 11.7159 25.5782
v  -11.9086 11.7159 24.5940
v  -11.9086 12.0239 24.5940
v  -12.7344 12.0239 25.5782
v  -12.9416 11.7118 25.4043
v  -12.9416 12.0239 25.4043
v  -12.1158 12.0239 24.4201
v  -12.1158 11.7118 24.4201
v  -11.7208 11.3486 24.7516
v  -12.5466 11.3486 25.7358
v  -12.5510 11.2865 25.7321
v  -11.7252 11.2865 24.7479
v  -12.5640 11.2263 25.7212
v  -11.7381 11.2263 24.7370
v  -12.5852 11.1698 25.7034
v  -11.7594 11.1698 24.7192
v  -12.6140 11.1188 25.6793
v  -11.7881 11.1187 24.6951
v  -12.6494 11.0747 25.6495
v  -11.8236 11.0747 24.6653
v  -12.6905 11.0389 25.6150
v  -11.8647 11.0389 24.6308
v  -12.7360 11.0126 25.5769
v  -11.9102 11.0126 24.5927
v  -12.7844 10.9964 25.5362
v  -11.9586 10.9964 24.5520
v  -12.8344 10.9910 25.4943
v  -12.0086 10.9910 24.5101
v  -12.8844 10.9964 25.4523
v  -12.0586 10.9964 24.4682
v  -12.9329 11.0126 25.4117
v  -12.1070 11.0126 24.4275
v  -12.9783 11.0389 25.3735
v  -12.1525 11.0389 24.3893
v  -13.0194 11.0747 25.3390
v  -12.1936 11.0747 24.3549
v  -13.0549 11.1188 25.3093
v  -12.2291 11.1188 24.3251
v  -13.0837 11.1698 25.2851
v  -12.2578 11.1698 24.3009
v  -13.1049 11.2263 25.2673
v  -12.2790 11.2263 24.2832
v  -13.1179 11.2865 25.2564
v  -12.2920 11.2865 24.2723
v  -13.1222 11.3486 25.2528
v  -12.2964 11.3486 24.2686
v  -13.1179 11.4107 25.2564
v  -12.2920 11.4107 24.2723
v  -13.1049 11.4709 25.2673
v  -12.2790 11.4709 24.2832
v  -13.0837 11.5274 25.2851
v  -12.2578 11.5274 24.3009
v  -13.0549 11.5785 25.3093
v  -12.2291 11.5785 24.3251
v  -13.0194 11.6226 25.3390
v  -12.1936 11.6226 24.3549
v  -12.9783 11.6583 25.3735
v  -12.1525 11.6583 24.3893
v  -12.1393 11.6660 24.4004
v  -12.9651 11.6660 25.3846
v  -11.7252 11.4107 24.7479
v  -12.5510 11.4107 25.7321
v  -11.7381 11.4709 24.7370
v  -12.5640 11.4709 25.7212
v  -11.7593 11.5274 24.7192
v  -12.5852 11.5274 25.7034
v  -11.7881 11.5785 24.6951
v  -12.6140 11.5785 25.6793
v  -11.8236 11.6226 24.6653
v  -12.6494 11.6226 25.6495
v  -11.8647 11.6583 24.6308
v  -12.6905 11.6583 25.6150
v  -11.8851 11.6702 24.6137
v  -12.7110 11.6702 25.5979
v  -11.8610 11.7043 24.5898
v  -11.8300 11.6863 24.6158
v  -11.7852 11.6473 24.6534
v  -11.7465 11.5992 24.6859
v  -11.7151 11.5436 24.7122
v  -11.6920 11.4820 24.7316
v  -11.6778 11.4163 24.7435
v  -11.6731 11.3486 24.7475
v  -11.6778 11.2809 24.7435
v  -11.6920 11.2153 24.7316
v  -11.7151 11.1537 24.7122
v  -11.7465 11.0980 24.6859
v  -11.7852 11.0499 24.6534
v  -11.8300 11.0109 24.6158
v  -11.8795 10.9822 24.5742
v  -11.9324 10.9646 24.5299
v  -11.9869 10.9587 24.4842
v  -12.0414 10.9646 24.4385
v  -12.0942 10.9822 24.3941
v  -12.1438 11.0109 24.3525
v  -12.1886 11.0499 24.3149
v  -12.2273 11.0980 24.2825
v  -12.2586 11.1537 24.2561
v  -12.2817 11.2153 24.2368
v  -12.2959 11.2809 24.2249
v  -12.3007 11.3486 24.2209
v  -12.2959 11.4163 24.2249
v  -12.2817 11.4820 24.2368
v  -12.2586 11.5436 24.2561
v  -12.2273 11.5992 24.2825
v  -12.1886 11.6473 24.3149
v  -12.1438 11.6863 24.3525
v  -12.1200 11.7001 24.3725
v  -12.1200 12.0239 24.3725
v  -12.4826 12.0239 24.0682
v  -12.4826 9.5138 24.0682
v  -11.4984 9.5138 24.8941
v  -11.4984 12.0239 24.8941
v  -11.8610 12.0239 24.5898
v  -12.3677 12.0239 25.9300
v  -12.3677 9.5138 25.9300
v  -13.3519 9.5138 25.1042
v  -13.3519 12.0239 25.1042
v  -12.9893 12.0239 25.4085
v  -12.9893 11.7001 25.4085
v  -13.0131 11.6863 25.3885
v  -13.0579 11.6473 25.3509
v  -13.0965 11.5992 25.3185
v  -13.1279 11.5436 25.2921
v  -13.1510 11.4820 25.2727
v  -13.1652 11.4163 25.2608
v  -13.1700 11.3486 25.2568
v  -13.1652 11.2809 25.2608
v  -13.1510 11.2153 25.2727
v  -13.1279 11.1537 25.2921
v  -13.0965 11.0980 25.3185
v  -13.0579 11.0499 25.3509
v  -13.0131 11.0109 25.3885
v  -12.9635 10.9822 25.4301
v  -12.9106 10.9646 25.4744
v  -12.8562 10.9587 25.5202
v  -12.8017 10.9646 25.5659
v  -12.7488 10.9822 25.6102
v  -12.6993 11.0109 25.6518
v  -12.6544 11.0499 25.6894
v  -12.6158 11.0980 25.7219
v  -12.5844 11.1537 25.7482
v  -12.5613 11.2153 25.7676
v  -12.5471 11.2809 25.7795
v  -12.5423 11.3486 25.7835
v  -12.5471 11.4163 25.7795
v  -12.5613 11.4820 25.7676
v  -12.5844 11.5436 25.7482
v  -12.6158 11.5992 25.7219
v  -12.6544 11.6473 25.6894
v  -12.6993 11.6863 25.6518
v  -12.7303 11.7043 25.6258
v  -12.7303 12.0239 25.6258
v  -12.5108 9.4836 24.0803
v  -12.5156 9.4836 24.0846
v  -13.3586 9.5006 25.0629
v  -13.3544 9.4997 25.0579
v  -12.3614 9.5006 25.9326
v  -12.3663 9.4997 25.9284
v  -11.5063 9.4836 24.9135
v  -11.5106 9.4836 24.9086
v  -12.4945 12.0301 24.0610
v  -12.4953 12.0239 24.0604
v  -11.4869 12.0301 24.9297
v  -11.4863 12.0239 24.9290
v  -12.3557 12.0301 25.9373
v  -12.3550 12.0239 25.9379
v  -13.3633 12.0301 25.0686
v  -13.3639 12.0239 25.0693
v  -12.7339 12.0371 25.6200
v  -12.7289 12.0380 25.6242
v  -11.8788 12.0541 24.6009
v  -11.8732 12.0541 24.6044
v  -12.1164 12.0371 24.3783
v  -12.1213 12.0380 24.3741
v  -12.9715 12.0541 25.3974
v  -12.9770 12.0541 25.3939
v  -11.8981 11.7101 24.5847
v  -11.8975 11.7165 24.5840
v  -12.7396 11.7028 25.6152
v  -12.7402 11.7094 25.6147
v  -12.1106 11.6987 24.3831
v  -12.1100 11.7052 24.3836
v  -12.9522 11.7060 25.4136
v  -12.9528 11.7123 25.4143
v  -12.3346 9.4836 25.9137
v  -11.5088 9.4836 24.9295
v  -12.4948 9.4836 24.0828
v  -12.3217 12.0380 25.9245
v  -11.4958 12.0380 24.9403
v  -11.4863 9.5138 24.9290
v  -12.5286 12.0380 24.0738
v  -13.3544 12.0380 25.0579
v  -13.3639 9.5138 25.0693
v  -11.5106 12.0541 24.9086
v  -13.3396 12.0541 25.0897
v  -11.9070 12.0380 24.5953
v  -12.7328 12.0380 25.5795
v  -12.7423 12.0239 25.5909
v  -12.7423 11.7152 25.5909
v  -12.1079 12.0239 24.4074
v  -12.1079 11.7110 24.4074
v  -12.1173 11.6968 24.4189
v  -12.9431 11.6968 25.4031
v  -11.7040 11.2201 24.7243
v  -11.7263 11.1607 24.7056
v  -12.5929 11.1607 25.7383
v  -12.5706 11.2201 25.7570
v  -11.7141 11.2862 24.7379
v  -11.7097 11.3486 24.7416
v  -11.7271 11.2256 24.7270
v  -11.7774 11.1175 24.6848
v  -11.7484 11.1688 24.7091
v  -11.8130 11.0731 24.6549
v  -11.8544 11.0372 24.6202
v  -11.9001 11.0107 24.5818
v  -11.9488 10.9945 24.5409
v  -11.9991 10.9890 24.4988
v  -12.0494 10.9945 24.4566
v  -12.0981 11.0107 24.4157
v  -12.1438 11.0372 24.3773
v  -12.1851 11.0731 24.3426
v  -12.2208 11.1175 24.3127
v  -12.2497 11.1688 24.2884
v  -12.2711 11.2256 24.2705
v  -12.2841 11.2862 24.2596
v  -12.2885 11.3486 24.2559
v  -12.2841 11.4111 24.2596
v  -12.2711 11.4716 24.2705
v  -12.2497 11.5284 24.2884
v  -12.2208 11.5798 24.3127
v  -12.1851 11.6241 24.3426
v  -12.1438 11.6601 24.3773
v  -12.9886 11.6601 25.3842
v  -12.9757 11.6681 25.3951
v  -12.5589 11.4111 25.7448
v  -12.5545 11.3486 25.7485
v  -12.5720 11.4716 25.7338
v  -12.5933 11.5284 25.7159
v  -12.6222 11.5798 25.6916
v  -12.6579 11.6241 25.6617
v  -12.6992 11.6601 25.6270
v  -11.8954 11.6781 24.6051
v  -12.7212 11.6781 25.5892
v  -12.7203 11.6723 25.6093
v  -13.3415 9.4836 25.0688
v  -13.3396 9.4836 25.0897
v  -12.3555 9.4836 25.9155
v  -12.3312 9.5138 25.9359
v  -12.3312 12.0239 25.9359
v  -12.5191 9.5138 24.0624
v  -12.5191 12.0239 24.0624
v  -12.3555 12.0541 25.9155
v  -12.7180 12.0541 25.6112
v  -12.4948 12.0541 24.0828
v  -12.1322 12.0541 24.3871
v  -12.1304 12.0541 24.4079
v  -12.9562 12.0541 25.3921
v  -11.8975 12.0239 24.5840
v  -12.9528 12.0239 25.4143
v  -11.8625 11.6893 24.5913
v  -11.8370 11.6741 24.6127
v  -11.7938 11.6365 24.6489
v  -12.1394 11.6741 24.3589
v  -12.1203 11.6852 24.3750
v  -11.7566 11.5902 24.6802
v  -11.7263 11.5365 24.7056
v  -11.7040 11.4771 24.7243
v  -11.6904 11.4139 24.7357
v  -11.6858 11.3486 24.7396
v  -13.0060 11.6741 25.3917
v  -13.0492 11.6365 25.3554
v  -13.0865 11.5902 25.3241
v  -13.1167 11.5365 25.2988
v  -13.1390 11.4771 25.2801
v  -13.1526 11.4139 25.2686
v  -13.1572 11.3486 25.2648
v  -13.1526 11.2834 25.2686
v  -13.1390 11.2201 25.2801
v  -13.1167 11.1607 25.2988
v  -13.0865 11.1071 25.3241
v  -13.0492 11.0608 25.3554
v  -13.0060 11.0232 25.3917
v  -12.9582 10.9955 25.4318
v  -12.9073 10.9785 25.4745
v  -12.8548 10.9728 25.5185
v  -12.8023 10.9785 25.5626
v  -12.7514 10.9955 25.6053
v  -12.7036 11.0232 25.6454
v  -12.6604 11.0608 25.6817
v  -12.6231 11.1071 25.7129
v  -12.5570 11.2834 25.7685
v  -12.5524 11.3486 25.7723
v  -12.5003 9.4836 24.0794
v  -12.4880 9.4897 24.0747
v  -12.4975 9.4897 24.0688
v  -12.4839 9.4997 24.0699
v  -12.4958 9.4997 24.0625
v  -12.4953 9.5138 24.0604
v  -12.5057 9.4836 24.0785
v  -12.5066 9.4897 24.0674
v  -12.5072 9.4997 24.0607
v  -12.5074 9.5138 24.0584
v  -12.5154 9.4897 24.0704
v  -12.5181 9.4997 24.0644
v  -12.5237 9.4897 24.0778
v  -12.5286 9.4997 24.0738
v  -13.3633 9.5076 25.0686
v  -13.3658 9.5138 25.0814
v  -13.3648 9.5032 25.0802
v  -13.3618 9.5138 25.0931
v  -13.3606 9.5006 25.0916
v  -13.3505 9.4997 25.1026
v  -13.3615 9.5032 25.0664
v  -13.3618 9.4957 25.0766
v  -13.3567 9.4912 25.0870
v  -13.3464 9.4897 25.0977
v  -13.3567 9.4912 25.0705
v  -13.3504 9.4855 25.0794
v  -13.3495 9.4897 25.0620
v  -12.3550 9.5138 25.9379
v  -12.3557 9.5076 25.9373
v  -12.3428 9.5138 25.9399
v  -12.3440 9.5032 25.9389
v  -12.3327 9.5006 25.9346
v  -12.3217 9.4997 25.9245
v  -12.3578 9.5032 25.9356
v  -12.3477 9.4957 25.9358
v  -12.3372 9.4912 25.9308
v  -12.3265 9.4897 25.9204
v  -12.3537 9.4912 25.9307
v  -12.3448 9.4855 25.9244
v  -12.3622 9.4897 25.9236
v  -11.5053 9.4836 24.9239
v  -11.5007 9.4897 24.9363
v  -11.4948 9.4897 24.9268
v  -11.4958 9.4997 24.9403
v  -11.4884 9.4997 24.9284
v  -11.5045 9.4836 24.9186
v  -11.4933 9.4897 24.9176
v  -11.4866 9.4997 24.9170
v  -11.4844 9.5138 24.9168
v  -11.4963 9.4897 24.9089
v  -11.4904 9.4997 24.9061
v  -11.4884 9.5138 24.9052
v  -11.5038 9.4897 24.9005
v  -11.4997 9.4997 24.8957
v  -12.4839 12.0380 24.0699
v  -12.4889 12.0371 24.0657
v  -12.4880 12.0480 24.0747
v  -12.4965 12.0465 24.0676
v  -12.5054 12.0522 24.0739
v  -12.5156 12.0541 24.0846
v  -12.4924 12.0345 24.0627
v  -12.5026 12.0420 24.0625
v  -12.5130 12.0465 24.0675
v  -12.5237 12.0480 24.0778
v  -12.5062 12.0345 24.0594
v  -12.5176 12.0371 24.0637
v  -12.5074 12.0239 24.0584
v  -11.4917 12.0371 24.9354
v  -11.5007 12.0480 24.9363
v  -11.4936 12.0465 24.9278
v  -11.5088 12.0541 24.9295
v  -11.4999 12.0522 24.9189
v  -11.4887 12.0345 24.9318
v  -11.4885 12.0420 24.9217
v  -11.4935 12.0465 24.9113
v  -11.5038 12.0480 24.9005
v  -11.4854 12.0345 24.9181
v  -11.4897 12.0371 24.9067
v  -11.4997 12.0380 24.8957
v  -11.4844 12.0239 24.9168
v  -11.4884 12.0239 24.9052
v  -12.3663 12.0380 25.9284
v  -12.3614 12.0371 25.9326
v  -12.3622 12.0480 25.9236
v  -12.3537 12.0465 25.9307
v  -12.3448 12.0522 25.9244
v  -12.3346 12.0541 25.9137
v  -12.3578 12.0345 25.9356
v  -12.3477 12.0420 25.9358
v  -12.3372 12.0465 25.9308
v  -12.3265 12.0480 25.9204
v  -12.3440 12.0345 25.9389
v  -12.3327 12.0371 25.9346
v  -12.3428 12.0239 25.9399
v  -13.3586 12.0371 25.0629
v  -13.3495 12.0480 25.0620
v  -13.3567 12.0465 25.0705
v  -13.3415 12.0541 25.0688
v  -13.3504 12.0522 25.0794
v  -13.3615 12.0345 25.0664
v  -13.3618 12.0420 25.0766
v  -13.3567 12.0465 25.0870
v  -13.3464 12.0480 25.0977
v  -13.3648 12.0345 25.0802
v  -13.3606 12.0371 25.0916
v  -13.3505 12.0380 25.1026
v  -13.3658 12.0239 25.0814
v  -13.3618 12.0239 25.0931
v  -12.7402 12.0239 25.6147
v  -12.7395 12.0301 25.6153
v  -12.7443 12.0239 25.6030
v  -12.7430 12.0345 25.6040
v  -12.7408 12.0371 25.5921
v  -12.7374 12.0345 25.6170
v  -12.7394 12.0420 25.6071
v  -12.7363 12.0465 25.5959
v  -12.7280 12.0480 25.5836
v  -12.7333 12.0465 25.6122
v  -12.7287 12.0522 25.6023
v  -12.7199 12.0541 25.5904
v  -12.7248 12.0480 25.6193
v  -11.8940 12.0541 24.6062
v  -11.8892 12.0541 24.6018
v  -11.9021 12.0480 24.5994
v  -11.8938 12.0480 24.5919
v  -11.8966 12.0380 24.5860
v  -11.8841 12.0541 24.6001
v  -11.8851 12.0480 24.5889
v  -11.8856 12.0380 24.5822
v  -11.8858 12.0239 24.5800
v  -11.8759 12.0480 24.5904
v  -11.8742 12.0380 24.5840
v  -11.8737 12.0239 24.5819
v  -11.8664 12.0480 24.5963
v  -11.8623 12.0380 24.5914
v  -12.1100 12.0239 24.3836
v  -12.1107 12.0301 24.3830
v  -12.1060 12.0239 24.3953
v  -12.1072 12.0345 24.3943
v  -12.1094 12.0371 24.4062
v  -12.1174 12.0380 24.4188
v  -12.1128 12.0345 24.3812
v  -12.1108 12.0420 24.3912
v  -12.1140 12.0465 24.4023
v  -12.1223 12.0480 24.4147
v  -12.1169 12.0465 24.3861
v  -12.1216 12.0522 24.3960
v  -12.1254 12.0480 24.3790
v  -12.9611 12.0541 25.3964
v  -12.9481 12.0480 25.3989
v  -12.9565 12.0480 25.4064
v  -12.9432 12.0380 25.4029
v  -12.9537 12.0380 25.4123
v  -12.9662 12.0541 25.3982
v  -12.9652 12.0480 25.4094
v  -12.9646 12.0380 25.4161
v  -12.9644 12.0239 25.4183
v  -12.9743 12.0480 25.4079
v  -12.9760 12.0380 25.4143
v  -12.9766 12.0239 25.4164
v  -12.9838 12.0480 25.4020
v  -12.9879 12.0380 25.4069
v  -11.9071 11.7010 24.5952
v  -11.9029 11.7024 24.5903
v  -11.9027 11.6884 24.5989
v  -11.8953 11.6906 24.5906
v  -11.8859 11.6806 24.5949
v  -11.8746 11.6723 24.6032
v  -11.8999 11.7054 24.5868
v  -11.8901 11.6957 24.5847
v  -11.8791 11.6868 24.5877
v  -11.8670 11.6787 24.5958
v  -11.8869 11.7037 24.5812
v  -11.8750 11.6968 24.5834
v  -11.8858 11.7147 24.5800
v  -11.8737 11.7106 24.5819
v  -12.7300 11.6893 25.6233
v  -12.7345 11.6928 25.6195
v  -12.7267 11.6787 25.6178
v  -12.7344 11.6847 25.6113
v  -12.7299 11.6798 25.6012
v  -12.7377 11.6973 25.6168
v  -12.7399 11.6924 25.6067
v  -12.7368 11.6894 25.5955
v  -12.7286 11.6884 25.5831
v  -12.7432 11.7018 25.6039
v  -12.7409 11.7012 25.5920
v  -12.7330 11.7010 25.5794
v  -12.7443 11.7130 25.6030
v  -12.1158 11.6886 24.3788
v  -12.1236 11.6745 24.3805
v  -12.1159 11.6805 24.3870
v  -12.1299 11.6681 24.3890
v  -12.1203 11.6756 24.3971
v  -12.1290 11.6739 24.4090
v  -12.1126 11.6931 24.3815
v  -12.1104 11.6882 24.3916
v  -12.1134 11.6852 24.4028
v  -12.1217 11.6842 24.4152
v  -12.1071 11.6976 24.3943
v  -12.1093 11.6970 24.4063
v  -12.1060 11.7088 24.3953
v  -12.9473 11.6984 25.4080
v  -12.9475 11.6842 25.3994
v  -12.9549 11.6866 25.4077
v  -12.9548 11.6739 25.3932
v  -12.9643 11.6765 25.4033
v  -12.9503 11.7014 25.4115
v  -12.9602 11.6917 25.4136
v  -12.9711 11.6828 25.4106
v  -12.9832 11.6745 25.4025
v  -12.9633 11.6996 25.4171
v  -12.9752 11.6927 25.4149
v  -12.9878 11.6852 25.4070
v  -12.9644 11.7105 25.4183
v  -12.9766 11.7064 25.4164
v  -11.7157 11.2235 24.7227
v  -11.7374 11.1658 24.7045
v  -12.5958 11.1658 25.7276
v  -12.5742 11.2235 25.7458
v  -12.5933 11.1688 25.7159
v  -12.5720 11.2256 25.7338
v  -11.7025 11.2851 24.7339
v  -11.6980 11.3486 24.7376
v  -11.6904 11.2834 24.7357
v  -11.7668 11.1136 24.6798
v  -11.7566 11.1071 24.6802
v  -11.8031 11.0685 24.6494
v  -11.7938 11.0608 24.6489
v  -11.8451 11.0319 24.6141
v  -11.8370 11.0232 24.6127
v  -11.8916 11.0050 24.5751
v  -11.8848 10.9955 24.5726
v  -11.9412 10.9885 24.5335
v  -11.9357 10.9785 24.5299
v  -11.9923 10.9829 24.4907
v  -11.9882 10.9728 24.4858
v  -12.0434 10.9885 24.4478
v  -12.0407 10.9785 24.4417
v  -12.0930 11.0050 24.4062
v  -12.0917 10.9955 24.3990
v  -12.1395 11.0319 24.3672
v  -12.1394 11.0232 24.3589
v  -12.1815 11.0685 24.3319
v  -12.1826 11.0608 24.3227
v  -12.2178 11.1136 24.3015
v  -12.2199 11.1071 24.2914
v  -12.2472 11.1658 24.2768
v  -12.2501 11.1607 24.2660
v  -12.2689 11.2235 24.2586
v  -12.2724 11.2201 24.2473
v  -12.2821 11.2851 24.2475
v  -12.2861 11.2834 24.2359
v  -12.2866 11.3486 24.2437
v  -12.2907 11.3486 24.2320
v  -12.2821 11.4121 24.2475
v  -12.2861 11.4139 24.2359
v  -12.2689 11.4737 24.2586
v  -12.2724 11.4771 24.2473
v  -12.2472 11.5315 24.2768
v  -12.2501 11.5365 24.2660
v  -12.2178 11.5837 24.3015
v  -12.2199 11.5902 24.2914
v  -12.1815 11.6287 24.3319
v  -12.1826 11.6365 24.3227
v  -12.1395 11.6653 24.3672
v  -12.9979 11.6653 25.3902
v  -12.5609 11.4121 25.7569
v  -12.5564 11.3486 25.7606
v  -12.5570 11.4139 25.7685
v  -12.5742 11.4737 25.7458
v  -12.5706 11.4771 25.7570
v  -12.5958 11.5315 25.7276
v  -12.5929 11.5365 25.7383
v  -12.6253 11.5837 25.7029
v  -12.6231 11.5902 25.7129
v  -12.6615 11.6287 25.6724
v  -12.6604 11.6365 25.6817
v  -12.7036 11.6653 25.6372
v  -12.7036 11.6741 25.6454
v  -11.8451 11.6653 24.6141
v  -11.8544 11.6601 24.6202
v  -11.8031 11.6287 24.6494
v  -11.8130 11.6241 24.6549
v  -11.7668 11.5837 24.6798
v  -11.7774 11.5798 24.6848
v  -11.7374 11.5315 24.7045
v  -11.7484 11.5284 24.7091
v  -11.7157 11.4737 24.7227
v  -11.7271 11.4716 24.7270
v  -11.7025 11.4121 24.7339
v  -11.7141 11.4111 24.7379
v  -13.0399 11.6287 25.3550
v  -13.0300 11.6241 25.3495
v  -13.0762 11.5837 25.3245
v  -13.0656 11.5798 25.3196
v  -13.1056 11.5315 25.2998
v  -13.0946 11.5284 25.2953
v  -13.1273 11.4737 25.2816
v  -13.1159 11.4716 25.2774
v  -13.1406 11.4121 25.2705
v  -13.1290 11.4111 25.2664
v  -13.1450 11.3486 25.2667
v  -13.1334 11.3486 25.2627
v  -13.1406 11.2851 25.2705
v  -13.1290 11.2862 25.2664
v  -13.1273 11.2235 25.2816
v  -13.1159 11.2256 25.2774
v  -13.1056 11.1658 25.2998
v  -13.0946 11.1688 25.2953
v  -13.0762 11.1136 25.3245
v  -13.0656 11.1175 25.3196
v  -13.0399 11.0685 25.3550
v  -13.0300 11.0731 25.3495
v  -12.9979 11.0319 25.3902
v  -12.9886 11.0372 25.3842
v  -12.9514 11.0050 25.4292
v  -12.9429 11.0107 25.4225
v  -12.9018 10.9885 25.4708
v  -12.8942 10.9945 25.4634
v  -12.8507 10.9829 25.5137
v  -12.8439 10.9890 25.5056
v  -12.7996 10.9885 25.5566
v  -12.7937 10.9945 25.5478
v  -12.7501 11.0050 25.5982
v  -12.7449 11.0107 25.5887
v  -12.7036 11.0319 25.6372
v  -12.6992 11.0372 25.6270
v  -12.6615 11.0685 25.6724
v  -12.6579 11.0731 25.6617
v  -12.6253 11.1136 25.7029
v  -12.6222 11.1175 25.6916
v  -12.5609 11.2851 25.7569
v  -12.5589 11.2862 25.7448
# 646 vertices

vn -0.0071 -0.9967 -0.0806
vn -0.0993 -0.9950 0.0087
vn 0.0087 -0.9950 0.0993
vn 0.0806 -0.9967 -0.0071
vn 0.8075 -0.0705 0.5856
vn 0.7169 -0.0705 0.6936
vn 0.7169 0.0705 0.6936
vn 0.8003 0.0572 0.5968
vn -0.8003 -0.0572 -0.5968
vn -0.7169 -0.0705 -0.6936
vn -0.7169 0.0705 -0.6936
vn -0.8003 0.0572 -0.5968
vn 0.0087 0.9950 0.0993
vn -0.0993 0.9950 0.0087
vn -0.0071 0.9967 -0.0807
vn 0.0993 0.9950 -0.0087
vn -0.0087 0.9950 -0.0993
vn 0.0071 0.9967 0.0806
vn -0.8073 -0.0594 -0.5872
vn -0.7254 -0.0494 -0.6865
vn -0.8075 0.0705 -0.5856
vn 0.7253 -0.0496 0.6866
vn 0.8075 0.0705 0.5856
vn 0.8073 -0.0594 0.5872
vn -0.7182 0.0000 -0.6959
vn -0.8100 0.0000 -0.5864
vn -0.7984 0.1732 -0.5767
vn -0.7065 0.1732 -0.6862
vn -0.7639 0.3411 -0.5477
vn -0.6721 0.3411 -0.6572
vn -0.7077 0.4987 -0.5005
vn -0.6158 0.4987 -0.6100
vn -0.6313 0.6411 -0.4364
vn -0.5394 0.6412 -0.5459
vn -0.5371 0.7641 -0.3574
vn -0.4452 0.7641 -0.4669
vn -0.4279 0.8638 -0.2659
vn -0.3361 0.8638 -0.3753
vn -0.3072 0.9373 -0.1646
vn -0.2154 0.9373 -0.2740
vn -0.1786 0.9823 -0.0566
vn -0.0868 0.9823 -0.1661
vn -0.0459 0.9974 0.0547
vn 0.0459 0.9974 -0.0547
vn 0.0868 0.9823 0.1661
vn 0.1786 0.9823 0.0566
vn 0.2154 0.9373 0.2740
vn 0.3072 0.9373 0.1646
vn 0.3362 0.8638 0.3752
vn 0.4280 0.8638 0.2659
vn 0.4452 0.7641 0.4668
vn 0.5371 0.7641 0.3574
vn 0.5394 0.6411 0.5459
vn 0.6313 0.6412 0.4364
vn 0.6158 0.4987 0.6100
vn 0.7076 0.4987 0.5005
vn 0.6721 0.3412 0.6572
vn 0.7639 0.3411 0.5478
vn 0.7066 0.1732 0.6861
vn 0.7984 0.1732 0.5767
vn 0.7182 -0.0000 0.6959
vn 0.8100 0.0000 0.5865
vn 0.7066 -0.1732 0.6861
vn 0.7984 -0.1732 0.5767
vn 0.6721 -0.3412 0.6572
vn 0.7639 -0.3411 0.5478
vn 0.6158 -0.4987 0.6100
vn 0.7076 -0.4987 0.5005
vn 0.5394 -0.6411 0.5459
vn 0.6312 -0.6412 0.4364
vn 0.4452 -0.7641 0.4668
vn 0.5371 -0.7641 0.3574
vn 0.3361 -0.8638 0.3753
vn 0.4280 -0.8638 0.2658
vn 0.4081 -0.8774 0.2522
vn 0.3078 -0.8755 0.3724
vn -0.7065 -0.1732 -0.6862
vn -0.7984 -0.1732 -0.5767
vn -0.6721 -0.3411 -0.6572
vn -0.7639 -0.3411 -0.5477
vn -0.6158 -0.4987 -0.6100
vn -0.7077 -0.4987 -0.5005
vn -0.5394 -0.6411 -0.5459
vn -0.6312 -0.6412 -0.4364
vn -0.4452 -0.7641 -0.4669
vn -0.5371 -0.7641 -0.3574
vn -0.3361 -0.8638 -0.3753
vn -0.4280 -0.8638 -0.2658
vn -0.3078 -0.8755 -0.3724
vn -0.4081 -0.8774 -0.2522
vn 0.5622 -0.0648 -0.8245
vn -0.4253 -0.8641 -0.2693
vn -0.5344 -0.7643 -0.3609
vn -0.6286 -0.6413 -0.4399
vn -0.7050 -0.4989 -0.5041
vn -0.7613 -0.3412 -0.5513
vn -0.7957 -0.1733 -0.5804
vn -0.8075 0.0000 -0.5899
vn -0.7957 0.1733 -0.5804
vn -0.7613 0.3412 -0.5513
vn -0.7050 0.4989 -0.5040
vn -0.6285 0.6414 -0.4401
vn -0.5345 0.7643 -0.3608
vn -0.4252 0.8641 -0.2694
vn -0.3044 0.9376 -0.1681
vn -0.1759 0.9826 -0.0599
vn -0.0430 0.9978 0.0512
vn 0.0896 0.9826 0.1628
vn 0.2183 0.9376 0.2707
vn 0.3392 0.8641 0.3719
vn 0.4483 0.7643 0.4635
vn 0.5423 0.6413 0.5427
vn 0.6189 0.4989 0.6067
vn 0.6752 0.3412 0.6540
vn 0.7096 0.1733 0.6829
vn 0.7212 0.0000 0.6927
vn 0.7096 -0.1733 0.6829
vn 0.6752 -0.3412 0.6540
vn 0.6188 -0.4989 0.6068
vn 0.5426 -0.6413 0.5425
vn 0.4481 -0.7643 0.4637
vn 0.3392 -0.8641 0.3719
vn 0.6975 -0.0476 -0.7150
vn 0.6845 0.0572 -0.7268
vn 0.5968 0.0572 -0.8003
vn 0.5856 -0.0704 -0.8075
vn 0.6935 -0.0705 -0.7170
vn 0.6935 0.0705 -0.7170
vn 0.5856 0.0704 -0.8075
vn -0.5969 0.0572 0.8003
vn -0.5969 -0.0572 0.8003
vn -0.6935 -0.0705 0.7170
vn -0.6935 0.0705 0.7170
vn -0.5856 0.0704 0.8075
vn -0.5622 -0.0648 0.8245
vn 0.4252 -0.8641 0.2694
vn 0.5344 -0.7643 0.3609
vn 0.6285 -0.6413 0.4400
vn 0.7050 -0.4989 0.5041
vn 0.7614 -0.3412 0.5512
vn 0.7957 -0.1733 0.5804
vn 0.8074 -0.0000 0.5900
vn 0.7958 0.1733 0.5803
vn 0.7613 0.3412 0.5513
vn 0.7050 0.4989 0.5041
vn 0.6285 0.6413 0.4400
vn 0.5343 0.7643 0.3610
vn 0.4252 0.8641 0.2694
vn 0.3044 0.9376 0.1681
vn 0.1758 0.9826 0.0600
vn 0.0430 0.9978 -0.0513
vn -0.0897 0.9826 -0.1627
vn -0.2183 0.9376 -0.2707
vn -0.3391 0.8641 -0.3720
vn -0.4483 0.7643 -0.4635
vn -0.5423 0.6413 -0.5427
vn -0.6189 0.4989 -0.6067
vn -0.6752 0.3412 -0.6540
vn -0.7097 0.1733 -0.6829
vn -0.7213 0.0000 -0.6926
vn -0.7097 -0.1733 -0.6829
vn -0.6752 -0.3412 -0.6540
vn -0.6189 -0.4989 -0.6067
vn -0.5423 -0.6413 -0.5427
vn -0.4483 -0.7643 -0.4635
vn -0.3391 -0.8641 -0.3720
vn -0.6975 -0.0476 0.7150
vn -0.6845 0.0572 0.7267
vn -0.1791 -0.9374 -0.2988
vn -0.2462 -0.9393 -0.2391
vn -0.7912 -0.3293 -0.5153
vn -0.7356 -0.3422 -0.5846
vn -0.5154 -0.3292 0.7912
vn -0.5846 -0.3422 0.7356
vn 0.2988 -0.9374 -0.1791
vn 0.2391 -0.9393 -0.2462
vn 0.3502 0.1137 -0.9297
vn 0.3416 0.0249 -0.9395
vn 0.9297 0.1138 0.3503
vn 0.9395 0.0250 0.3416
vn -0.3504 0.1137 0.9297
vn -0.3416 0.0250 0.9395
vn -0.9297 0.1138 -0.3503
vn -0.9395 0.0250 -0.3415
vn -0.6898 0.3291 0.6449
vn -0.6229 0.3422 0.7035
vn 0.1245 0.9373 -0.3254
vn 0.2009 0.9392 -0.2783
vn 0.6897 0.3292 -0.6450
vn 0.6228 0.3422 -0.7035
vn -0.1245 0.9373 0.3254
vn -0.2009 0.9392 0.2783
vn -0.5147 -0.0959 -0.8520
vn -0.5018 -0.0211 -0.8647
vn -0.8697 -0.1000 0.4833
vn -0.8690 -0.0241 0.4942
vn 0.8698 -0.1000 -0.4832
vn 0.8690 -0.0241 -0.4941
vn 0.5147 -0.0971 0.8518
vn 0.5018 -0.0213 0.8647
vn 0.2097 -0.9396 0.2704
vn 0.2782 -0.9393 0.2009
vn 0.2009 -0.9392 -0.2783
vn 0.6733 0.3345 0.6594
vn 0.7355 0.3423 0.5847
vn 0.9348 -0.0724 0.3478
vn -0.6733 0.3345 -0.6594
vn -0.7356 0.3423 -0.5846
vn -0.9395 -0.0250 -0.3415
vn 0.2704 0.9396 -0.2098
vn -0.2705 0.9396 0.2097
vn -0.6783 0.3312 -0.6559
vn -0.7663 0.3345 -0.5486
vn -0.9339 0.0665 -0.3513
vn -0.9326 -0.0551 -0.3566
vn 0.9339 0.0664 0.3514
vn 0.9326 -0.0551 0.3566
vn 0.7803 -0.2608 0.5685
vn 0.7099 -0.2721 0.6496
vn 0.3751 0.1107 -0.9203
vn 0.3934 0.1618 -0.9050
vn -0.8229 0.1618 0.5447
vn -0.8411 0.1107 0.5294
vn -0.4917 0.1634 -0.8553
vn -0.5026 0.0000 -0.8645
vn -0.4592 0.3218 -0.8280
vn -0.3341 0.6047 -0.7230
vn -0.4061 0.4704 -0.7835
vn -0.2452 0.7206 -0.6485
vn -0.1423 0.8147 -0.5621
vn -0.0285 0.8840 -0.4666
vn 0.0929 0.9264 -0.3648
vn 0.2180 0.9407 -0.2598
vn 0.3431 0.9264 -0.1548
vn 0.4645 0.8840 -0.0530
vn 0.5783 0.8147 0.0426
vn 0.6812 0.7207 0.1289
vn 0.7700 0.6047 0.2034
vn 0.8421 0.4704 0.2639
vn 0.8952 0.3218 0.3085
vn 0.9277 0.1633 0.3357
vn 0.9386 0.0000 0.3449
vn 0.9277 -0.1634 0.3357
vn 0.8951 -0.3218 0.3085
vn 0.8421 -0.4704 0.2639
vn 0.7700 -0.6047 0.2034
vn 0.6812 -0.7206 0.1289
vn 0.5783 -0.8147 0.0426
vn 0.1510 -0.8086 0.5687
vn 0.1309 -0.8130 0.5674
vn -0.9277 -0.1634 -0.3357
vn -0.9386 0.0000 -0.3449
vn -0.8952 -0.3217 -0.3084
vn -0.8421 -0.4704 -0.2639
vn -0.7700 -0.6047 -0.2034
vn -0.6812 -0.7206 -0.1289
vn -0.5783 -0.8147 -0.0426
vn -0.4341 -0.7629 -0.4791
vn -0.5354 -0.7626 -0.3630
vn -0.5534 -0.8320 -0.0384
vn -0.2964 -0.9412 -0.1619
vn -0.2704 -0.9396 0.2097
vn -0.1620 -0.9412 0.2964
vn 0.5082 -0.0664 0.8587
vn 0.5082 0.0664 0.8587
vn -0.5048 -0.0723 -0.8602
vn -0.5082 0.0664 -0.8587
vn -0.1620 0.9412 0.2964
vn -0.2638 0.9412 0.2109
vn 0.1620 0.9412 -0.2964
vn 0.2638 0.9412 -0.2110
vn 0.3028 0.9396 0.1596
vn 0.2462 0.9393 0.2391
vn -0.5048 0.0723 -0.8602
vn 0.5048 0.0723 0.8602
vn 0.4360 -0.3003 -0.8484
vn 0.4823 -0.2799 -0.8301
vn 0.4488 -0.2480 -0.8585
vn 0.7321 -0.2803 -0.6208
vn 0.7319 -0.3054 -0.6092
vn 0.4182 -0.2081 -0.8842
vn 0.3934 -0.1619 -0.9050
vn 0.3752 -0.1107 -0.9203
vn 0.3640 -0.0562 -0.9297
vn 0.3601 0.0000 -0.9329
vn -0.4816 -0.2797 0.8306
vn -0.4489 -0.2479 0.8585
vn -0.4183 -0.2080 0.8842
vn -0.3935 -0.1618 0.9050
vn -0.3752 -0.1107 0.9203
vn -0.3641 -0.0562 0.9297
vn -0.3603 -0.0000 0.9328
vn -0.3641 0.0562 0.9297
vn -0.3753 0.1107 0.9203
vn -0.3935 0.1618 0.9050
vn -0.4183 0.2080 0.8842
vn -0.4489 0.2479 0.8585
vn -0.4843 0.2802 0.8288
vn -0.5234 0.3041 0.7960
vn -0.5652 0.3187 0.7609
vn -0.6082 0.3236 0.7248
vn -0.6512 0.3187 0.6887
vn -0.6930 0.3041 0.6537
vn -0.7322 0.2802 0.6208
vn -0.7676 0.2479 0.5911
vn -0.7981 0.2080 0.5654
vn -0.8523 0.0562 0.5200
vn -0.8561 0.0000 0.5168
vn 0.1244 -0.9374 -0.3254
vn 0.4185 -0.7009 -0.5776
vn 0.2503 -0.7012 -0.6676
vn 0.5541 -0.3311 -0.7638
vn 0.3278 -0.3348 -0.8834
vn 0.3478 -0.0723 -0.9348
vn -0.0300 -0.9387 -0.3434
vn -0.0616 -0.7069 -0.7047
vn -0.0819 -0.3409 -0.9365
vn -0.0868 -0.0743 -0.9934
vn -0.3624 -0.7012 -0.6140
vn -0.4763 -0.3348 -0.8131
vn -0.5125 -0.7009 -0.4961
vn -0.6783 -0.3311 -0.6559
vn -0.9297 -0.1138 -0.3503
vn -0.9942 -0.0508 0.0946
vn -0.9693 -0.2374 0.0641
vn -0.8586 -0.0664 0.5083
vn -0.8269 -0.3167 0.4647
vn -0.6593 -0.3344 0.6734
vn -0.8758 -0.2437 -0.4167
vn -0.8630 -0.5001 -0.0711
vn -0.6883 -0.6649 0.2900
vn -0.5103 -0.7050 0.4925
vn -0.6898 -0.6723 -0.2688
vn -0.4600 -0.8875 0.0274
vn -0.5695 -0.7115 -0.4117
vn -0.3416 -0.0250 0.9395
vn -0.3504 -0.1137 0.9297
vn 0.0944 -0.0507 0.9942
vn 0.0642 -0.2373 0.9693
vn 0.4646 -0.3166 0.8270
vn 0.6733 -0.3344 0.6594
vn -0.4168 -0.2436 0.8757
vn -0.0713 -0.5001 0.8630
vn 0.2902 -0.6648 0.6884
vn 0.4925 -0.7051 0.5102
vn -0.2690 -0.6722 0.6898
vn 0.0274 -0.8875 0.4600
vn -0.4117 -0.7114 0.5695
vn 0.3254 -0.9373 0.1245
vn 0.5776 -0.7009 0.4185
vn 0.6676 -0.7012 0.2502
vn 0.7637 -0.3311 0.5541
vn 0.8834 -0.3349 0.3279
vn 0.3434 -0.9387 -0.0301
vn 0.7046 -0.7069 -0.0616
vn 0.9365 -0.3409 -0.0818
vn 0.9934 -0.0743 -0.0870
vn 0.6140 -0.7012 -0.3624
vn 0.8130 -0.3348 -0.4763
vn 0.8602 -0.0723 -0.5049
vn 0.4961 -0.7009 -0.5125
vn 0.6559 -0.3311 -0.6784
vn 0.5847 0.3422 -0.7356
vn 0.5154 0.3292 -0.7912
vn 0.4117 0.7114 -0.5695
vn 0.2689 0.6722 -0.6898
vn -0.0273 0.8875 -0.4601
vn -0.2098 0.9396 -0.2704
vn 0.4167 0.2436 -0.8758
vn 0.0713 0.5001 -0.8630
vn -0.2901 0.6648 -0.6884
vn -0.4925 0.7051 -0.5102
vn -0.0642 0.2374 -0.9693
vn -0.4646 0.3166 -0.8270
vn -0.0944 0.0507 -0.9942
vn 0.7912 0.3293 0.5154
vn 0.5695 0.7114 0.4117
vn 0.6898 0.6723 0.2689
vn 0.2964 0.9412 0.1620
vn 0.4600 0.8875 -0.0274
vn 0.8758 0.2437 0.4166
vn 0.8630 0.5001 0.0712
vn 0.6884 0.6648 -0.2901
vn 0.5101 0.7052 -0.4925
vn 0.9693 0.2374 -0.0641
vn 0.8270 0.3166 -0.4646
vn 0.6593 0.3345 -0.6734
vn 0.9942 0.0508 -0.0945
vn 0.8586 0.0664 -0.5083
vn -0.5846 0.3422 0.7356
vn -0.5154 0.3292 0.7912
vn -0.4117 0.7114 0.5695
vn -0.2690 0.6722 0.6898
vn 0.0273 0.8875 0.4600
vn 0.2098 0.9396 0.2704
vn -0.4168 0.2436 0.8757
vn -0.0713 0.5001 0.8630
vn 0.2902 0.6648 0.6884
vn 0.4925 0.7051 0.5102
vn 0.0642 0.2373 0.9693
vn 0.4646 0.3166 0.8270
vn 0.0944 0.0507 0.9942
vn -0.7912 0.3292 -0.5153
vn -0.5695 0.7115 -0.4117
vn -0.6898 0.6723 -0.2688
vn -0.2964 0.9412 -0.1619
vn -0.4600 0.8875 0.0274
vn -0.8758 0.2437 -0.4167
vn -0.8630 0.5001 -0.0711
vn -0.6883 0.6649 0.2900
vn -0.5103 0.7050 0.4925
vn -0.9693 0.2374 0.0641
vn -0.8269 0.3167 0.4647
vn -0.6593 0.3344 0.6734
vn -0.9942 0.0508 0.0946
vn -0.8586 0.0664 0.5083
vn -0.8659 0.0249 0.4996
vn -0.8547 0.1137 0.5065
vn -0.9955 0.0507 0.0797
vn -0.9657 0.2374 0.1051
vn -0.8951 0.3167 -0.3140
vn -0.7901 0.2436 0.5625
vn -0.8375 0.5001 0.2201
vn -0.7283 0.6648 -0.1662
vn -0.5879 0.7051 -0.3964
vn -0.6326 0.6722 0.3846
vn -0.4578 0.8875 0.0529
vn -0.3028 0.9396 -0.1596
vn -0.4894 0.7114 0.5044
vn -0.2462 0.9393 -0.2391
vn -0.1791 0.9373 -0.2988
vn -0.5124 0.7009 -0.4961
vn -0.3624 0.7012 -0.6140
vn -0.4763 0.3348 -0.8131
vn -0.0300 0.9387 -0.3435
vn -0.0616 0.7069 -0.7047
vn -0.0820 0.3409 -0.9365
vn -0.0869 0.0743 -0.9934
vn 0.2502 0.7013 -0.6675
vn 0.3278 0.3349 -0.8834
vn 0.3478 0.0723 -0.9348
vn 0.4185 0.7009 -0.5777
vn 0.5541 0.3311 -0.7637
vn 0.8659 0.0249 -0.4996
vn 0.8547 0.1138 -0.5064
vn 0.9955 0.0507 -0.0796
vn 0.9657 0.2374 -0.1050
vn 0.8951 0.3166 0.3140
vn 0.7663 0.3345 0.5486
vn 0.7901 0.2437 -0.5625
vn 0.8375 0.5001 -0.2200
vn 0.7283 0.6647 0.1662
vn 0.5879 0.7051 0.3964
vn 0.6326 0.6723 -0.3846
vn 0.4578 0.8875 -0.0530
vn 0.4893 0.7115 -0.5043
vn 0.1791 0.9373 0.2989
vn 0.5125 0.7009 0.4961
vn 0.3624 0.7011 0.6140
vn 0.6783 0.3311 0.6559
vn 0.4763 0.3348 0.8130
vn 0.0300 0.9387 0.3434
vn 0.0615 0.7069 0.7047
vn 0.0820 0.3409 0.9365
vn 0.0869 0.0743 0.9934
vn -0.2503 0.7013 0.6675
vn -0.3279 0.3348 0.8834
vn -0.3479 0.0723 0.9348
vn -0.4185 0.7008 0.5777
vn -0.5542 0.3310 0.7638
vn -0.7122 -0.2713 -0.6474
vn -0.6501 -0.2608 -0.7137
vn -0.5964 -0.5424 -0.5917
vn -0.4705 -0.5131 -0.7179
vn -0.2627 -0.7141 -0.6489
vn -0.1252 -0.8166 -0.5635
vn -0.5747 -0.1987 -0.7939
vn -0.3042 -0.3929 -0.8678
vn -0.0143 -0.5445 -0.8386
vn 0.1671 -0.6175 -0.7686
vn -0.1514 -0.1937 -0.9693
vn 0.2198 -0.2689 -0.9377
vn -0.0902 -0.0417 -0.9951
vn 0.3313 -0.0581 -0.9417
vn -0.7319 -0.3052 0.6092
vn -0.7819 -0.2799 0.5570
vn -0.7098 -0.6316 0.3119
vn -0.7993 -0.5625 0.2114
vn -0.6693 -0.7268 -0.1542
vn -0.8389 -0.2025 0.5053
vn -0.9102 -0.3999 0.1081
vn -0.8118 -0.5115 -0.2818
vn -0.6863 -0.5362 -0.4915
vn -0.9791 -0.1941 0.0605
vn -0.9033 -0.2474 -0.3505
vn -0.7803 -0.2608 -0.5684
vn -0.9965 -0.0441 0.0715
vn 0.7819 -0.2801 -0.5569
vn 0.7098 -0.6317 -0.3118
vn 0.7993 -0.5625 -0.2114
vn 0.5535 -0.8320 0.0384
vn 0.6693 -0.7268 0.1542
vn 0.5353 -0.7627 0.3630
vn 0.8388 -0.2026 -0.5053
vn 0.9101 -0.4000 -0.1079
vn 0.8118 -0.5115 0.2817
vn 0.6863 -0.5362 0.4915
vn 0.9791 -0.1941 -0.0604
vn 0.9033 -0.2474 0.3505
vn 0.9965 -0.0442 -0.0713
vn 0.6480 -0.2597 0.7160
vn 0.5931 -0.5427 0.5947
vn 0.4678 -0.5106 0.7214
vn 0.4315 -0.7628 0.4816
vn 0.2631 -0.7100 0.6532
vn 0.5748 -0.1997 0.7935
vn 0.3053 -0.3930 0.8674
vn 0.0182 -0.5434 0.8393
vn -0.1619 -0.6152 0.7715
vn 0.1523 -0.1953 0.9688
vn -0.2182 -0.2699 0.9378
vn -0.4346 -0.3000 0.8492
vn 0.0902 -0.0422 0.9950
vn -0.3313 -0.0584 0.9417
vn -0.0436 0.2391 -0.9700
vn -0.0041 0.3495 -0.9369
vn -0.9234 0.3495 0.1587
vn -0.9628 0.2391 0.1257
vn -0.8421 0.4704 -0.2639
vn -0.8952 0.3217 -0.3084
vn -0.0677 0.1214 -0.9903
vn -0.0759 0.0000 -0.9971
vn 0.3640 0.0562 -0.9297
vn 0.0495 0.4493 -0.8920
vn 0.4183 0.2080 -0.8842
vn 0.1154 0.5355 -0.8366
vn 0.4488 0.2480 -0.8585
vn 0.1919 0.6054 -0.7725
vn 0.4842 0.2803 -0.8288
vn 0.2765 0.6569 -0.7015
vn 0.5234 0.3041 -0.7960
vn 0.3667 0.6884 -0.6258
vn 0.5651 0.3188 -0.7609
vn 0.4596 0.6991 -0.5478
vn 0.6082 0.3237 -0.7248
vn 0.5526 0.6884 -0.4698
vn 0.6512 0.3188 -0.6887
vn 0.6428 0.6569 -0.3941
vn 0.6930 0.3042 -0.6536
vn 0.7274 0.6054 -0.3231
vn 0.7322 0.2803 -0.6208
vn 0.8039 0.5355 -0.2589
vn 0.7675 0.2479 -0.5911
vn 0.8699 0.4493 -0.2036
vn 0.7981 0.2081 -0.5654
vn 0.9234 0.3495 -0.1586
vn 0.8229 0.1618 -0.5446
vn 0.9628 0.2391 -0.1255
vn 0.8412 0.1107 -0.5293
vn 0.9870 0.1214 -0.1053
vn 0.8524 0.0562 -0.5199
vn 0.9951 -0.0000 -0.0984
vn 0.8562 0.0000 -0.5167
vn 0.9870 -0.1214 -0.1053
vn 0.8524 -0.0562 -0.5199
vn 0.9628 -0.2391 -0.1255
vn 0.8412 -0.1107 -0.5293
vn 0.9234 -0.3495 -0.1586
vn 0.8229 -0.1619 -0.5446
vn 0.8699 -0.4493 -0.2036
vn 0.7981 -0.2080 -0.5655
vn 0.8039 -0.5355 -0.2590
vn 0.7676 -0.2480 -0.5911
vn 0.7274 -0.6054 -0.3231
vn -0.1834 -0.6010 0.7779
vn -0.9870 -0.1214 0.1054
vn -0.9951 0.0000 0.0985
vn -0.8523 -0.0562 0.5200
vn -0.9628 -0.2391 0.1256
vn -0.8411 -0.1107 0.5294
vn -0.9234 -0.3495 0.1586
vn -0.8229 -0.1618 0.5446
vn -0.8699 -0.4493 0.2036
vn -0.7981 -0.2080 0.5654
vn -0.8039 -0.5355 0.2590
vn -0.7675 -0.2479 0.5911
vn -0.7274 -0.6053 0.3232
vn -0.7321 -0.2803 0.6208
vn 0.1862 -0.6024 -0.7762
vn -0.1479 -0.8107 -0.5664
vn 0.1154 -0.5355 -0.8366
vn -0.2452 -0.7206 -0.6485
vn 0.0495 -0.4493 -0.8920
vn -0.3341 -0.6047 -0.7230
vn -0.0041 -0.3495 -0.9369
vn -0.4061 -0.4704 -0.7835
vn -0.0436 -0.2391 -0.9700
vn -0.4592 -0.3218 -0.8280
vn -0.0677 -0.1214 -0.9903
vn -0.4917 -0.1633 -0.8553
vn -0.1155 -0.5354 0.8366
vn 0.2452 -0.7206 0.6485
vn -0.0495 -0.4493 0.8920
vn 0.3341 -0.6047 0.7230
vn 0.0040 -0.3495 0.9369
vn 0.4061 -0.4704 0.7835
vn 0.0435 -0.2391 0.9700
vn 0.4592 -0.3218 0.8280
vn 0.0677 -0.1214 0.9903
vn 0.4918 -0.1634 0.8553
vn 0.0758 -0.0000 0.9971
vn 0.5027 -0.0000 0.8645
vn 0.0677 0.1214 0.9903
vn 0.4918 0.1634 0.8553
vn 0.0435 0.2391 0.9700
vn 0.4592 0.3218 0.8280
vn 0.0040 0.3495 0.9369
vn 0.4061 0.4704 0.7835
vn -0.0494 0.4493 0.8920
vn 0.3341 0.6047 0.7230
vn -0.1155 0.5355 0.8366
vn 0.2453 0.7207 0.6485
vn -0.1920 0.6053 0.7725
vn 0.1424 0.8147 0.5621
vn -0.2765 0.6569 0.7015
vn 0.0285 0.8840 0.4666
vn -0.3667 0.6884 0.6258
vn -0.0928 0.9265 0.3648
vn -0.4597 0.6990 0.5478
vn -0.2180 0.9407 0.2598
vn -0.5527 0.6884 0.4698
vn -0.3431 0.9264 0.1548
vn -0.6428 0.6568 0.3942
vn -0.4644 0.8840 0.0529
vn -0.7274 0.6053 0.3232
vn -0.5783 0.8147 -0.0425
vn -0.8039 0.5355 0.2590
vn -0.6812 0.7207 -0.1289
vn -0.8699 0.4493 0.2036
vn -0.7700 0.6047 -0.2034
vn -0.9870 0.1214 0.1054
vn -0.9277 0.1634 -0.3357
# 642 vertex normals

vt 0.9750 0.0250 0.0000
vt 0.9750 0.9750 0.0000
vt 0.0250 0.9750 0.0000
vt 0.0250 0.0250 0.0000
vt 0.0250 0.0125 0.0000
vt 0.9750 0.0125 0.0000
vt 0.9750 0.9875 0.0000
vt 0.0250 0.9875 0.0000
vt 0.9921 0.9803 0.0000
vt 0.6079 0.9803 0.0000
vt 0.6079 0.0197 0.0000
vt 0.9921 0.0197 0.0000
vt 0.0079 0.0197 0.0000
vt 0.3921 0.0197 0.0000
vt 0.3921 0.9803 0.0000
vt 0.0079 0.9803 0.0000
vt 0.8717 0.0257 0.0000
vt 0.1283 0.0257 0.0000
vt 0.1283 0.2480 0.0000
vt 0.8717 0.2480 0.0000
vt 0.1283 0.0231 0.0000
vt 0.1283 0.2479 0.0000
vt 0.8717 0.2479 0.0000
vt 0.8717 0.0231 0.0000
vt 0.7500 0.8794 1.0000
vt 0.7500 0.0989 1.0000
vt 0.7222 0.0989 1.0000
vt 0.7222 0.8794 1.0000
vt 0.6944 0.0989 1.0000
vt 0.6944 0.8794 1.0000
vt 0.6667 0.0989 1.0000
vt 0.6667 0.8794 1.0000
vt 0.6389 0.0989 1.0000
vt 0.6389 0.8794 1.0000
vt 0.6111 0.0989 1.0000
vt 0.6111 0.8794 1.0000
vt 0.5833 0.0989 1.0000
vt 0.5833 0.8794 1.0000
vt 0.5556 0.0989 1.0000
vt 0.5556 0.8794 1.0000
vt 0.5278 0.0989 1.0000
vt 0.5278 0.8794 1.0000
vt 0.5000 0.0989 1.0000
vt 0.5000 0.8794 1.0000
vt 0.4722 0.0989 1.0000
vt 0.4722 0.8794 1.0000
vt 0.4444 0.0989 1.0000
vt 0.4444 0.8794 1.0000
vt 0.4167 0.0989 1.0000
vt 0.4167 0.8794 1.0000
vt 0.3889 0.0989 1.0000
vt 0.3889 0.8794 1.0000
vt 0.3611 0.0989 1.0000
vt 0.3611 0.8794 1.0000
vt 0.3333 0.0989 1.0000
vt 0.3333 0.8794 1.0000
vt 0.3056 0.0989 1.0000
vt 0.3056 0.8794 1.0000
vt 0.2778 0.0989 1.0000
vt 0.2778 0.8794 1.0000
vt 0.2500 0.0989 1.0000
vt 0.2500 0.8794 1.0000
vt 0.2222 0.0989 1.0000
vt 0.2222 0.8794 1.0000
vt 0.1944 0.0989 1.0000
vt 0.1944 0.8794 1.0000
vt 0.1667 0.0989 1.0000
vt 0.1667 0.8794 1.0000
vt 0.1389 0.0989 1.0000
vt 0.1389 0.8794 1.0000
vt 0.1111 0.0989 1.0000
vt 0.1111 0.8794 1.0000
vt 0.0833 0.0989 1.0000
vt 0.0833 0.8794 1.0000
vt 0.0614 0.8837 1.0000
vt 0.0614 0.0946 1.0000
vt 0.7778 0.8794 1.0000
vt 0.7778 0.0989 1.0000
vt 0.8056 0.8794 1.0000
vt 0.8056 0.0989 1.0000
vt 0.8333 0.8794 1.0000
vt 0.8333 0.0989 1.0000
vt 0.8611 0.8794 1.0000
vt 0.8611 0.0989 1.0000
vt 0.8889 0.8794 1.0000
vt 0.8889 0.0989 1.0000
vt 0.9167 0.8794 1.0000
vt 0.9167 0.0989 1.0000
vt 0.9430 0.8837 1.0000
vt 0.9430 0.0946 1.0000
vt 0.5962 0.8495 0.0000
vt 0.6369 0.8400 0.0000
vt 0.6750 0.8266 0.0000
vt 0.7079 0.8102 0.0000
vt 0.7346 0.7911 0.0000
vt 0.7542 0.7701 0.0000
vt 0.7663 0.7476 0.0000
vt 0.7703 0.7244 0.0000
vt 0.7663 0.7013 0.0000
vt 0.7542 0.6788 0.0000
vt 0.7346 0.6577 0.0000
vt 0.7079 0.6387 0.0000
vt 0.6750 0.6222 0.0000
vt 0.6549 0.5940 0.0000
vt 0.6071 0.5829 0.0000
vt 0.5561 0.5760 0.0000
vt 0.5035 0.5737 0.0000
vt 0.4509 0.5760 0.0000
vt 0.3999 0.5829 0.0000
vt 0.3520 0.5940 0.0000
vt 0.3319 0.6222 0.0000
vt 0.2990 0.6387 0.0000
vt 0.2723 0.6577 0.0000
vt 0.2527 0.6788 0.0000
vt 0.2406 0.7013 0.0000
vt 0.2366 0.7244 0.0000
vt 0.2406 0.7476 0.0000
vt 0.2527 0.7701 0.0000
vt 0.2723 0.7911 0.0000
vt 0.2990 0.8102 0.0000
vt 0.3319 0.8266 0.0000
vt 0.3700 0.8400 0.0000
vt 0.4040 0.8479 0.0000
vt 0.4040 0.9884 0.0000
vt 0.0198 0.9884 0.0000
vt 0.9804 0.9884 0.0000
vt 0.5962 0.9884 0.0000
vt 0.0196 0.9884 0.0000
vt 0.9802 0.9884 0.0000
vt 0.5960 0.9884 0.0000
vt 0.5960 0.8479 0.0000
vt 0.6300 0.8400 0.0000
vt 0.6681 0.8266 0.0000
vt 0.7010 0.8102 0.0000
vt 0.7277 0.7911 0.0000
vt 0.7473 0.7701 0.0000
vt 0.7594 0.7476 0.0000
vt 0.7634 0.7244 0.0000
vt 0.7594 0.7013 0.0000
vt 0.7473 0.6788 0.0000
vt 0.7277 0.6577 0.0000
vt 0.7010 0.6387 0.0000
vt 0.6681 0.6222 0.0000
vt 0.6480 0.5940 0.0000
vt 0.6001 0.5829 0.0000
vt 0.5491 0.5760 0.0000
vt 0.4965 0.5737 0.0000
vt 0.4439 0.5760 0.0000
vt 0.3929 0.5829 0.0000
vt 0.3451 0.5940 0.0000
vt 0.3250 0.6222 0.0000
vt 0.2921 0.6387 0.0000
vt 0.2654 0.6577 0.0000
vt 0.2458 0.6788 0.0000
vt 0.2337 0.7013 0.0000
vt 0.2297 0.7244 0.0000
vt 0.2337 0.7476 0.0000
vt 0.2458 0.7701 0.0000
vt 0.2654 0.7911 0.0000
vt 0.2921 0.8102 0.0000
vt 0.3250 0.8266 0.0000
vt 0.3631 0.8400 0.0000
vt 0.4038 0.8495 0.0000
vt 0.4038 0.9884 0.0000
vt 1.0000 0.0000 0.0000
vt 0.0000 0.0000 0.0000
vt 0.0000 1.0000 0.0000
vt 0.4000 1.0000 0.0000
vt 0.6000 0.0000 0.0000
vt 0.1131 0.0211 0.0000
vt 0.4000 0.8554 0.0000
vt 0.4000 0.8538 0.0000
vt 0.1131 0.0185 0.0000
vt 0.9750 0.0479 0.0000
vt 0.9750 0.0390 0.0000
vt 0.0250 0.0390 0.0000
vt 0.0250 0.0479 0.0000
vt 1.0312 0.9730 0.0000
vt 1.0215 0.9748 0.0000
vt 1.0215 0.0252 0.0000
vt 1.0312 0.0270 0.0000
vt 1.0016 0.9779 0.0000
vt 0.9963 0.9805 0.0000
vt 0.9901 0.0045 0.0000
vt 0.9952 0.0018 0.0000
vt -0.0312 0.0270 0.0000
vt -0.0215 0.0252 0.0000
vt -0.0215 0.9748 0.0000
vt -0.0312 0.9730 0.0000
vt 1.0016 0.9780 0.0000
vt 0.9962 0.9806 0.0000
vt 0.9951 0.0019 0.0000
vt 0.5685 1.0448 0.0000
vt 0.5755 1.0307 0.0000
vt 0.9647 1.0366 0.0000
vt 0.9594 1.0527 0.0000
vt 0.5694 1.0448 0.0000
vt 0.5760 1.0307 0.0000
vt 0.9652 1.0364 0.0000
vt 0.9602 1.0524 0.0000
vt 0.5564 0.0150 0.0000
vt 0.5693 0.0162 0.0000
vt 0.5693 0.9838 0.0000
vt 0.5564 0.9850 0.0000
vt 0.4116 0.9752 0.0000
vt 0.4097 0.9785 0.0000
vt 0.4102 0.8466 0.0000
vt 0.4124 0.8456 0.0000
vt 0.4108 0.9759 0.0000
vt 0.4091 0.9790 0.0000
vt 0.4098 0.8457 0.0000
vt 0.4117 0.8450 0.0000
vt 0.0831 0.8797 1.0000
vt 0.0777 0.8807 1.0000
vt 0.0777 0.0976 1.0000
vt 0.0831 0.0986 1.0000
vt 0.6957 0.1766 1.0000
vt 0.6954 0.3523 1.0000
vt 0.6657 0.3523 1.0000
vt 0.6654 0.1766 1.0000
vt 0.6654 0.8017 1.0000
vt 0.6657 0.6260 1.0000
vt 0.6954 0.6260 1.0000
vt 0.6957 0.8017 1.0000
vt 0.7668 0.7028 0.0000
vt 0.7666 0.7024 0.0000
vt 0.7708 0.7262 0.0000
vt 0.7710 0.7268 0.0000
vt 0.7546 0.6829 0.0000
vt 0.7545 0.6819 0.0000
vt 0.7668 0.7049 0.0000
vt 0.7670 0.7061 0.0000
vt 0.7079 0.6474 0.0000
vt 0.7079 0.6452 0.0000
vt 0.7353 0.6648 0.0000
vt 0.7355 0.6671 0.0000
vt 0.6748 0.6329 0.0000
vt 0.6749 0.6302 0.0000
vt 0.7086 0.6471 0.0000
vt 0.7089 0.6499 0.0000
vt 0.6248 0.6053 0.0000
vt 0.6323 0.6025 0.0000
vt 0.6664 0.6203 0.0000
vt 0.6635 0.6197 0.0000
vt 0.5937 0.6168 0.0000
vt 0.5971 0.6083 0.0000
vt 0.6419 0.6188 0.0000
vt 0.6376 0.6270 0.0000
vt 0.5488 0.6120 0.0000
vt 0.5506 0.6030 0.0000
vt 0.5985 0.6094 0.0000
vt 0.5956 0.6183 0.0000
vt 0.5025 0.6106 0.0000
vt 0.5027 0.6014 0.0000
vt 0.5521 0.6036 0.0000
vt 0.5507 0.6127 0.0000
vt 0.4562 0.6127 0.0000
vt 0.4549 0.6036 0.0000
vt 0.5042 0.6014 0.0000
vt 0.5045 0.6106 0.0000
vt 0.4114 0.6183 0.0000
vt 0.4085 0.6094 0.0000
vt 0.4563 0.6030 0.0000
vt 0.4582 0.6120 0.0000
vt 0.3694 0.6270 0.0000
vt 0.3650 0.6188 0.0000
vt 0.4099 0.6083 0.0000
vt 0.4132 0.6168 0.0000
vt 0.3435 0.6197 0.0000
vt 0.3406 0.6204 0.0000
vt 0.3747 0.6025 0.0000
vt 0.3822 0.6053 0.0000
vt 0.2981 0.6499 0.0000
vt 0.2983 0.6471 0.0000
vt 0.3321 0.6302 0.0000
vt 0.3322 0.6329 0.0000
vt 0.2715 0.6671 0.0000
vt 0.2717 0.6648 0.0000
vt 0.2991 0.6452 0.0000
vt 0.2991 0.6474 0.0000
vt 0.2519 0.6860 0.0000
vt 0.2521 0.6842 0.0000
vt 0.2723 0.6626 0.0000
vt 0.2722 0.6642 0.0000
vt 0.2399 0.7061 0.0000
vt 0.2401 0.7049 0.0000
vt 0.2525 0.6819 0.0000
vt 0.2524 0.6829 0.0000
vt 0.2360 0.7268 0.0000
vt 0.2362 0.7262 0.0000
vt 0.2403 0.7024 0.0000
vt 0.2402 0.7028 0.0000
vt 0.2402 0.7475 0.0000
vt 0.2403 0.7475 0.0000
vt 0.2362 0.7237 0.0000
vt 0.2360 0.7235 0.0000
vt 0.2524 0.7674 0.0000
vt 0.2525 0.7681 0.0000
vt 0.2401 0.7450 0.0000
vt 0.2399 0.7442 0.0000
vt 0.2722 0.7861 0.0000
vt 0.2723 0.7874 0.0000
vt 0.2521 0.7657 0.0000
vt 0.2519 0.7643 0.0000
vt 0.2991 0.8030 0.0000
vt 0.2991 0.8048 0.0000
vt 0.2717 0.7852 0.0000
vt 0.2715 0.7832 0.0000
vt 0.3322 0.8174 0.0000
vt 0.3321 0.8197 0.0000
vt 0.2983 0.8028 0.0000
vt 0.2981 0.8004 0.0000
vt 0.3714 0.8300 0.0000
vt 0.3711 0.8325 0.0000
vt 0.3320 0.8188 0.0000
vt 0.3320 0.8162 0.0000
vt 0.6184 0.7859 0.0000
vt 0.6213 0.7994 0.0000
vt 0.5385 0.8123 0.0000
vt 0.5194 0.8005 0.0000
vt 0.2332 0.7475 0.0000
vt 0.2334 0.7475 0.0000
vt 0.2292 0.7237 0.0000
vt 0.2290 0.7235 0.0000
vt 0.2454 0.7674 0.0000
vt 0.2455 0.7681 0.0000
vt 0.2332 0.7450 0.0000
vt 0.2330 0.7442 0.0000
vt 0.2653 0.7861 0.0000
vt 0.2653 0.7874 0.0000
vt 0.2451 0.7657 0.0000
vt 0.2449 0.7643 0.0000
vt 0.2921 0.8030 0.0000
vt 0.2921 0.8048 0.0000
vt 0.2647 0.7852 0.0000
vt 0.2645 0.7832 0.0000
vt 0.3252 0.8174 0.0000
vt 0.3251 0.8197 0.0000
vt 0.2914 0.8028 0.0000
vt 0.2911 0.8004 0.0000
vt 0.3636 0.8292 0.0000
vt 0.3635 0.8319 0.0000
vt 0.3244 0.8182 0.0000
vt 0.3242 0.8154 0.0000
vt 0.0922 0.1973 0.0000
vt 0.1013 0.1544 0.0000
vt 0.8987 0.1544 0.0000
vt 0.9078 0.1973 0.0000
vt 0.4787 0.8021 0.0000
vt 0.4600 0.8139 0.0000
vt 0.3716 0.8001 0.0000
vt 0.3744 0.7868 0.0000
vt 0.0048 0.0018 0.0000
vt 0.0099 0.0045 0.0000
vt 0.0037 0.9805 0.0000
vt -0.0016 0.9779 0.0000
vt 0.0049 0.0019 0.0000
vt 0.0038 0.9806 0.0000
vt -0.0016 0.9780 0.0000
vt 0.0406 1.0527 0.0000
vt 0.0353 1.0366 0.0000
vt 0.4245 1.0307 0.0000
vt 0.4315 1.0448 0.0000
vt 0.0398 1.0524 0.0000
vt 0.0348 1.0364 0.0000
vt 0.4240 1.0307 0.0000
vt 0.4306 1.0448 0.0000
vt 0.8698 0.2216 0.0000
vt 0.8703 0.2282 0.0000
vt 0.1297 0.2282 0.0000
vt 0.1302 0.2216 0.0000
vt 0.5876 0.8456 0.0000
vt 0.5898 0.8466 0.0000
vt 0.5903 0.9785 0.0000
vt 0.5884 0.9752 0.0000
vt 0.5883 0.8450 0.0000
vt 0.5902 0.8457 0.0000
vt 0.5909 0.9790 0.0000
vt 0.5892 0.9759 0.0000
vt 0.9613 0.9034 1.0000
vt 0.9567 0.8985 1.0000
vt 0.9442 0.8965 1.0000
vt 0.9534 0.9023 1.0000
vt 0.9179 0.1510 1.0000
vt 0.9176 0.3331 1.0000
vt 0.8879 0.3522 1.0000
vt 0.8876 0.1765 1.0000
vt 0.0467 0.9024 1.0000
vt 0.0558 0.8966 1.0000
vt 0.0477 0.8985 1.0000
vt 0.0431 0.9034 1.0000
vt 0.8901 0.1766 1.0000
vt 0.8898 0.3523 1.0000
vt 0.8602 0.3523 1.0000
vt 0.8599 0.1766 1.0000
vt 0.8624 0.1766 1.0000
vt 0.8621 0.3523 1.0000
vt 0.8324 0.3523 1.0000
vt 0.8321 0.1766 1.0000
vt 0.8346 0.1766 1.0000
vt 0.8343 0.3523 1.0000
vt 0.8046 0.3523 1.0000
vt 0.8043 0.1766 1.0000
vt 0.8068 0.1766 1.0000
vt 0.8065 0.3523 1.0000
vt 0.7768 0.3523 1.0000
vt 0.7765 0.1766 1.0000
vt 0.7790 0.1766 1.0000
vt 0.7787 0.3523 1.0000
vt 0.7491 0.3523 1.0000
vt 0.7487 0.1766 1.0000
vt 0.0819 0.9760 1.0000
vt 0.0823 0.7567 1.0000
vt 0.1121 0.6269 1.0000
vt 0.1125 0.8029 1.0000
vt 0.1099 0.8017 1.0000
vt 0.1102 0.6260 1.0000
vt 0.1398 0.6260 1.0000
vt 0.1401 0.8017 1.0000
vt 0.1376 0.8017 1.0000
vt 0.1379 0.6260 1.0000
vt 0.1676 0.6260 1.0000
vt 0.1679 0.8017 1.0000
vt 0.1654 0.8017 1.0000
vt 0.1657 0.6260 1.0000
vt 0.1954 0.6260 1.0000
vt 0.1957 0.8017 1.0000
vt 0.1932 0.8017 1.0000
vt 0.1935 0.6260 1.0000
vt 0.2232 0.6260 1.0000
vt 0.2235 0.8017 1.0000
vt 0.2210 0.8017 1.0000
vt 0.2213 0.6260 1.0000
vt 0.2509 0.6260 1.0000
vt 0.2513 0.8017 1.0000
vt 0.2487 0.8017 1.0000
vt 0.2491 0.6260 1.0000
vt 0.2787 0.6260 1.0000
vt 0.2790 0.8017 1.0000
vt 0.2765 0.8017 1.0000
vt 0.2768 0.6260 1.0000
vt 0.3065 0.6260 1.0000
vt 0.3068 0.8017 1.0000
vt 0.3043 0.8017 1.0000
vt 0.3046 0.6260 1.0000
vt 0.3343 0.6260 1.0000
vt 0.3346 0.8017 1.0000
vt 0.3321 0.8017 1.0000
vt 0.3324 0.6260 1.0000
vt 0.3621 0.6260 1.0000
vt 0.3624 0.8017 1.0000
vt 0.3599 0.8017 1.0000
vt 0.3602 0.6260 1.0000
vt 0.3898 0.6260 1.0000
vt 0.3901 0.8017 1.0000
vt 0.3876 0.8017 1.0000
vt 0.3879 0.6260 1.0000
vt 0.4176 0.6260 1.0000
vt 0.4179 0.8017 1.0000
vt 0.4154 0.8017 1.0000
vt 0.4157 0.6260 1.0000
vt 0.4454 0.6260 1.0000
vt 0.4457 0.8017 1.0000
vt 0.4432 0.8017 1.0000
vt 0.4435 0.6260 1.0000
vt 0.4732 0.6260 1.0000
vt 0.4735 0.8017 1.0000
vt 0.4710 0.8017 1.0000
vt 0.4713 0.6260 1.0000
vt 0.5009 0.6260 1.0000
vt 0.5013 0.8017 1.0000
vt 0.4987 0.8017 1.0000
vt 0.4991 0.6260 1.0000
vt 0.5287 0.6260 1.0000
vt 0.5290 0.8017 1.0000
vt 0.5265 0.8017 1.0000
vt 0.5268 0.6260 1.0000
vt 0.5565 0.6260 1.0000
vt 0.5568 0.8017 1.0000
vt 0.5543 0.8017 1.0000
vt 0.5546 0.6260 1.0000
vt 0.5843 0.6260 1.0000
vt 0.5846 0.8017 1.0000
vt 0.5821 0.8017 1.0000
vt 0.5824 0.6260 1.0000
vt 0.6121 0.6260 1.0000
vt 0.6124 0.8017 1.0000
vt 0.6099 0.8017 1.0000
vt 0.6102 0.6260 1.0000
vt 0.6398 0.6260 1.0000
vt 0.6401 0.8017 1.0000
vt 0.6376 0.8017 1.0000
vt 0.6379 0.6260 1.0000
vt 0.6676 0.6260 1.0000
vt 0.6679 0.8017 1.0000
vt 0.7210 0.8017 1.0000
vt 0.7213 0.6260 1.0000
vt 0.7509 0.6260 1.0000
vt 0.7513 0.8017 1.0000
vt 0.6932 0.8017 1.0000
vt 0.6935 0.6260 1.0000
vt 0.7232 0.6260 1.0000
vt 0.7235 0.8017 1.0000
vt 0.9828 0.0165 0.0000
vt 0.9811 0.0162 0.0000
vt 0.9700 0.0239 0.0000
vt 0.9495 0.0397 0.0000
vt 0.9684 0.0230 0.0000
vt 0.9747 0.0125 0.0000
vt 0.9684 0.0083 0.0000
vt 0.9495 0.0103 0.0000
vt 0.0140 0.0087 0.0000
vt 0.0061 0.0099 0.0000
vt 0.0013 0.0161 0.0000
vt -0.0005 0.0272 0.0000
vt -0.0003 0.0152 0.0000
vt -0.0003 0.0062 0.0000
vt -0.0003 0.0004 0.0000
vt -0.0005 -0.0022 0.0000
vt -0.0003 0.0063 0.0000
vt 0.0140 0.0165 0.0000
vt 0.0061 0.0162 0.0000
vt 0.0013 0.0239 0.0000
vt -0.0005 0.0397 0.0000
vt -0.0003 0.0230 0.0000
vt -0.0003 0.0125 0.0000
vt -0.0003 0.0083 0.0000
vt -0.0005 0.0103 0.0000
vt 0.0113 0.9943 0.0000
vt 0.0056 1.0002 0.0000
vt 0.0028 1.0063 0.0000
vt 0.0028 1.0125 0.0000
vt 0.0006 1.0061 0.0000
vt -0.0033 0.9996 0.0000
vt -0.0088 0.9928 0.0000
vt -0.0159 0.9857 0.0000
vt 0.0141 0.9919 0.0000
vt 0.0063 0.9927 0.0000
vt 0.0016 0.9899 0.0000
vt 0.0000 0.9835 0.0000
vt 0.0000 0.9878 0.0000
vt 0.0000 0.9844 0.0000
vt 0.0000 0.9731 0.0000
vt 0.0000 0.9540 0.0000
vt 0.0112 0.9943 0.0000
vt 0.0055 1.0002 0.0000
vt 0.0027 1.0063 0.0000
vt 0.0026 1.0125 0.0000
vt 0.0004 1.0061 0.0000
vt -0.0034 0.9996 0.0000
vt -0.0160 0.9857 0.0000
vt 0.4009 0.9939 0.0000
vt 0.3959 0.9987 0.0000
vt 0.3890 1.0029 0.0000
vt 0.3800 1.0064 0.0000
vt 0.3874 1.0023 0.0000
vt 0.3898 0.9963 0.0000
vt 0.3872 0.9884 0.0000
vt 0.3794 0.9786 0.0000
vt 0.6030 0.0137 0.0000
vt 0.5962 0.0155 0.0000
vt 0.5876 0.0250 0.0000
vt 0.5771 0.0422 0.0000
vt 0.5857 0.0245 0.0000
vt 0.5885 0.0136 0.0000
vt 0.5857 0.0095 0.0000
vt 0.5771 0.0123 0.0000
vt 0.4010 0.9939 0.0000
vt 0.3960 0.9987 0.0000
vt 0.3890 1.0028 0.0000
vt 0.3801 1.0063 0.0000
vt 0.3875 1.0022 0.0000
vt 0.3899 0.9962 0.0000
vt 0.3873 0.9883 0.0000
vt 0.3796 0.9784 0.0000
vt 0.3928 0.9882 0.0000
vt 0.3870 0.9921 0.0000
vt 0.3746 0.9920 0.0000
vt 0.3558 0.9880 0.0000
vt 0.3724 0.9906 0.0000
vt 0.3779 0.9865 0.0000
vt 0.3724 0.9757 0.0000
vt 0.3558 0.9581 0.0000
vt 0.1179 0.0263 0.0000
vt 0.1019 0.0329 0.0000
vt 0.0803 0.0453 0.0000
vt 0.0531 0.0637 0.0000
vt 0.0763 0.0458 0.0000
vt 0.0861 0.0347 0.0000
vt 0.0822 0.0303 0.0000
vt 0.0649 0.0327 0.0000
vt 0.4021 0.8534 0.0000
vt 0.4007 0.8592 0.0000
vt 0.3997 0.8670 0.0000
vt 0.3990 0.8767 0.0000
vt 0.3979 0.8670 0.0000
vt 0.3939 0.8593 0.0000
vt 0.3867 0.8535 0.0000
vt 0.3765 0.8497 0.0000
vt 0.4023 0.8518 0.0000
vt 0.4012 0.8577 0.0000
vt 0.4006 0.8655 0.0000
vt 0.4006 0.8754 0.0000
vt 0.3989 0.8656 0.0000
vt 0.3942 0.8580 0.0000
vt 0.3866 0.8524 0.0000
vt 0.3761 0.8490 0.0000
vt 0.1171 0.0242 0.0000
vt 0.0985 0.0319 0.0000
vt 0.0726 0.0463 0.0000
vt 0.0395 0.0674 0.0000
vt 0.0679 0.0471 0.0000
vt 0.0798 0.0350 0.0000
vt 0.0749 0.0311 0.0000
vt 0.0534 0.0354 0.0000
vt 0.9750 0.0302 0.0000
vt 0.0250 0.0302 0.0000
vt 0.9750 0.0213 0.0000
vt 0.0250 0.0213 0.0000
vt 1.0117 0.9766 0.0000
vt 1.0117 0.0234 0.0000
vt 1.0019 0.9785 0.0000
vt 1.0019 0.0215 0.0000
vt 0.9910 0.9832 0.0000
vt 0.9851 0.0071 0.0000
vt 0.9857 0.9858 0.0000
vt 0.9800 0.0098 0.0000
vt -0.0117 0.0234 0.0000
vt -0.0117 0.9766 0.0000
vt -0.0019 0.0215 0.0000
vt -0.0019 0.9785 0.0000
vt 0.9909 0.9832 0.0000
vt 0.9851 0.0072 0.0000
vt 0.9855 0.9858 0.0000
vt 0.5824 1.0166 0.0000
vt 0.9699 1.0205 0.0000
vt 0.5893 1.0025 0.0000
vt 0.9752 1.0045 0.0000
vt 0.5827 1.0166 0.0000
vt 0.9702 1.0204 0.0000
vt 0.9752 1.0044 0.0000
vt 0.5821 0.0173 0.0000
vt 0.5821 0.9827 0.0000
vt 0.5950 0.0185 0.0000
vt 0.5950 0.9815 0.0000
vt 0.4077 0.9818 0.0000
vt 0.4081 0.8475 0.0000
vt 0.4058 0.9851 0.0000
vt 0.4060 0.8485 0.0000
vt 0.4074 0.9821 0.0000
vt 0.4079 0.8465 0.0000
vt 0.4057 0.9853 0.0000
vt 0.4060 0.8472 0.0000
vt 0.0722 0.8817 1.0000
vt 0.0722 0.0966 1.0000
vt 0.0668 0.8827 1.0000
vt 0.0668 0.0956 1.0000
vt 0.6951 0.5280 1.0000
vt 0.6660 0.5280 1.0000
vt 0.6948 0.7037 1.0000
vt 0.6664 0.7037 1.0000
vt 0.6660 0.4503 1.0000
vt 0.6951 0.4503 1.0000
vt 0.6664 0.2746 1.0000
vt 0.6948 0.2746 1.0000
vt 0.7665 0.7021 0.0000
vt 0.7706 0.7256 0.0000
vt 0.7664 0.7017 0.0000
vt 0.7705 0.7250 0.0000
vt 0.7544 0.6808 0.0000
vt 0.7667 0.7037 0.0000
vt 0.7543 0.6798 0.0000
vt 0.7665 0.7025 0.0000
vt 0.7079 0.6430 0.0000
vt 0.7350 0.6624 0.0000
vt 0.7079 0.6408 0.0000
vt 0.7348 0.6601 0.0000
vt 0.6749 0.6276 0.0000
vt 0.7084 0.6443 0.0000
vt 0.6750 0.6249 0.0000
vt 0.7081 0.6415 0.0000
vt 0.6398 0.5997 0.0000
vt 0.6692 0.6209 0.0000
vt 0.6474 0.5968 0.0000
vt 0.6721 0.6216 0.0000
vt 0.6004 0.5998 0.0000
vt 0.6463 0.6105 0.0000
vt 0.6037 0.5914 0.0000
vt 0.6506 0.6023 0.0000
vt 0.5524 0.5940 0.0000
vt 0.6013 0.6006 0.0000
vt 0.5543 0.5850 0.0000
vt 0.6042 0.5917 0.0000
vt 0.5030 0.5922 0.0000
vt 0.5534 0.5944 0.0000
vt 0.5032 0.5830 0.0000
vt 0.5547 0.5852 0.0000
vt 0.4536 0.5944 0.0000
vt 0.5040 0.5922 0.0000
vt 0.4522 0.5852 0.0000
vt 0.5037 0.5830 0.0000
vt 0.4056 0.6006 0.0000
vt 0.4545 0.5940 0.0000
vt 0.4028 0.5917 0.0000
vt 0.4527 0.5850 0.0000
vt 0.3607 0.6105 0.0000
vt 0.4066 0.5998 0.0000
vt 0.3564 0.6023 0.0000
vt 0.4032 0.5914 0.0000
vt 0.3377 0.6210 0.0000
vt 0.3671 0.5997 0.0000
vt 0.3348 0.6216 0.0000
vt 0.3596 0.5969 0.0000
vt 0.2986 0.6443 0.0000
vt 0.3320 0.6276 0.0000
vt 0.2988 0.6415 0.0000
vt 0.3320 0.6249 0.0000
vt 0.2719 0.6624 0.0000
vt 0.2991 0.6430 0.0000
vt 0.2721 0.6601 0.0000
vt 0.2990 0.6408 0.0000
vt 0.2523 0.6824 0.0000
vt 0.2723 0.6610 0.0000
vt 0.2525 0.6806 0.0000
vt 0.2723 0.6593 0.0000
vt 0.2403 0.7037 0.0000
vt 0.2525 0.6808 0.0000
vt 0.2405 0.7025 0.0000
vt 0.2526 0.6798 0.0000
vt 0.2363 0.7256 0.0000
vt 0.2404 0.7021 0.0000
vt 0.2364 0.7250 0.0000
vt 0.2405 0.7017 0.0000
vt 0.2404 0.7475 0.0000
vt 0.2363 0.7240 0.0000
vt 0.2405 0.7476 0.0000
vt 0.2364 0.7242 0.0000
vt 0.2525 0.7688 0.0000
vt 0.2403 0.7459 0.0000
vt 0.2526 0.7694 0.0000
vt 0.2405 0.7467 0.0000
vt 0.2723 0.7886 0.0000
vt 0.2523 0.7672 0.0000
vt 0.2723 0.7899 0.0000
vt 0.2525 0.7686 0.0000
vt 0.2991 0.8066 0.0000
vt 0.2719 0.7872 0.0000
vt 0.2990 0.8084 0.0000
vt 0.2721 0.7892 0.0000
vt 0.3320 0.8220 0.0000
vt 0.2986 0.8053 0.0000
vt 0.3320 0.8243 0.0000
vt 0.2988 0.8077 0.0000
vt 0.3707 0.8350 0.0000
vt 0.3320 0.8214 0.0000
vt 0.3704 0.8375 0.0000
vt 0.3319 0.8240 0.0000
vt 0.6242 0.8129 0.0000
vt 0.5577 0.8242 0.0000
vt 0.6271 0.8265 0.0000
vt 0.5768 0.8361 0.0000
vt 0.2335 0.7475 0.0000
vt 0.2294 0.7240 0.0000
vt 0.2336 0.7476 0.0000
vt 0.2295 0.7242 0.0000
vt 0.2456 0.7688 0.0000
vt 0.2333 0.7459 0.0000
vt 0.2457 0.7694 0.0000
vt 0.2335 0.7467 0.0000
vt 0.2653 0.7886 0.0000
vt 0.2453 0.7672 0.0000
vt 0.2654 0.7899 0.0000
vt 0.2456 0.7686 0.0000
vt 0.2921 0.8066 0.0000
vt 0.2650 0.7872 0.0000
vt 0.2921 0.8084 0.0000
vt 0.2652 0.7892 0.0000
vt 0.3251 0.8220 0.0000
vt 0.2916 0.8053 0.0000
vt 0.3250 0.8243 0.0000
vt 0.2919 0.8077 0.0000
vt 0.3634 0.8346 0.0000
vt 0.3246 0.8210 0.0000
vt 0.3632 0.8373 0.0000
vt 0.3248 0.8238 0.0000
vt 0.1103 0.1115 0.0000
vt 0.8897 0.1115 0.0000
vt 0.1193 0.0686 0.0000
vt 0.8807 0.0686 0.0000
vt 0.4412 0.8258 0.0000
vt 0.3688 0.8134 0.0000
vt 0.4225 0.8376 0.0000
vt 0.3659 0.8267 0.0000
vt 0.0149 0.0071 0.0000
vt 0.0090 0.9832 0.0000
vt 0.0200 0.0098 0.0000
vt 0.0143 0.9858 0.0000
vt 0.0149 0.0072 0.0000
vt 0.0091 0.9832 0.0000
vt 0.0145 0.9858 0.0000
vt 0.0301 1.0205 0.0000
vt 0.4176 1.0166 0.0000
vt 0.0248 1.0045 0.0000
vt 0.4107 1.0025 0.0000
vt 0.0298 1.0204 0.0000
vt 0.4173 1.0166 0.0000
vt 0.0248 1.0044 0.0000
vt 0.8707 0.2348 0.0000
vt 0.1293 0.2348 0.0000
vt 0.8712 0.2413 0.0000
vt 0.1288 0.2413 0.0000
vt 0.5919 0.8475 0.0000
vt 0.5923 0.9818 0.0000
vt 0.5940 0.8485 0.0000
vt 0.5942 0.9851 0.0000
vt 0.5921 0.8465 0.0000
vt 0.5926 0.9821 0.0000
vt 0.5940 0.8472 0.0000
vt 0.5943 0.9853 0.0000
vt 0.9521 0.8936 1.0000
vt 0.9350 0.8908 1.0000
vt 0.9476 0.8886 1.0000
vt 0.9258 0.8851 1.0000
vt 0.9173 0.5152 1.0000
vt 0.8883 0.5279 1.0000
vt 0.9170 0.6973 1.0000
vt 0.8886 0.7037 1.0000
vt 0.0650 0.8909 1.0000
vt 0.0522 0.8936 1.0000
vt 0.0742 0.8851 1.0000
vt 0.0568 0.8886 1.0000
vt 0.8895 0.5280 1.0000
vt 0.8605 0.5280 1.0000
vt 0.8892 0.7037 1.0000
vt 0.8608 0.7037 1.0000
vt 0.8617 0.5280 1.0000
vt 0.8327 0.5280 1.0000
vt 0.8614 0.7037 1.0000
vt 0.8330 0.7037 1.0000
vt 0.8340 0.5280 1.0000
vt 0.8049 0.5280 1.0000
vt 0.8336 0.7037 1.0000
vt 0.8052 0.7037 1.0000
vt 0.8062 0.5280 1.0000
vt 0.7772 0.5280 1.0000
vt 0.8059 0.7037 1.0000
vt 0.7775 0.7037 1.0000
vt 0.7784 0.5280 1.0000
vt 0.7494 0.5280 1.0000
vt 0.7781 0.7037 1.0000
vt 0.7497 0.7037 1.0000
vt 0.0826 0.5375 1.0000
vt 0.1118 0.4509 1.0000
vt 0.0830 0.3182 1.0000
vt 0.1115 0.2749 1.0000
vt 0.1105 0.4503 1.0000
vt 0.1395 0.4503 1.0000
vt 0.1108 0.2746 1.0000
vt 0.1392 0.2746 1.0000
vt 0.1383 0.4503 1.0000
vt 0.1673 0.4503 1.0000
vt 0.1386 0.2746 1.0000
vt 0.1670 0.2746 1.0000
vt 0.1660 0.4503 1.0000
vt 0.1951 0.4503 1.0000
vt 0.1664 0.2746 1.0000
vt 0.1948 0.2746 1.0000
vt 0.1938 0.4503 1.0000
vt 0.2228 0.4503 1.0000
vt 0.1941 0.2746 1.0000
vt 0.2225 0.2746 1.0000
vt 0.2216 0.4503 1.0000
vt 0.2506 0.4503 1.0000
vt 0.2219 0.2746 1.0000
vt 0.2503 0.2746 1.0000
vt 0.2494 0.4503 1.0000
vt 0.2784 0.4503 1.0000
vt 0.2497 0.2746 1.0000
vt 0.2781 0.2746 1.0000
vt 0.2772 0.4503 1.0000
vt 0.3062 0.4503 1.0000
vt 0.2775 0.2746 1.0000
vt 0.3059 0.2746 1.0000
vt 0.3049 0.4503 1.0000
vt 0.3340 0.4503 1.0000
vt 0.3052 0.2746 1.0000
vt 0.3336 0.2746 1.0000
vt 0.3327 0.4503 1.0000
vt 0.3617 0.4503 1.0000
vt 0.3330 0.2746 1.0000
vt 0.3614 0.2746 1.0000
vt 0.3605 0.4503 1.0000
vt 0.3895 0.4503 1.0000
vt 0.3608 0.2746 1.0000
vt 0.3892 0.2746 1.0000
vt 0.3883 0.4503 1.0000
vt 0.4173 0.4503 1.0000
vt 0.3886 0.2746 1.0000
vt 0.4170 0.2746 1.0000
vt 0.4160 0.4503 1.0000
vt 0.4451 0.4503 1.0000
vt 0.4164 0.2746 1.0000
vt 0.4448 0.2746 1.0000
vt 0.4438 0.4503 1.0000
vt 0.4728 0.4503 1.0000
vt 0.4441 0.2746 1.0000
vt 0.4725 0.2746 1.0000
vt 0.4716 0.4503 1.0000
vt 0.5006 0.4503 1.0000
vt 0.4719 0.2746 1.0000
vt 0.5003 0.2746 1.0000
vt 0.4994 0.4503 1.0000
vt 0.5284 0.4503 1.0000
vt 0.4997 0.2746 1.0000
vt 0.5281 0.2746 1.0000
vt 0.5272 0.4503 1.0000
vt 0.5562 0.4503 1.0000
vt 0.5275 0.2746 1.0000
vt 0.5559 0.2746 1.0000
vt 0.5549 0.4503 1.0000
vt 0.5840 0.4503 1.0000
vt 0.5552 0.2746 1.0000
vt 0.5836 0.2746 1.0000
vt 0.5827 0.4503 1.0000
vt 0.6117 0.4503 1.0000
vt 0.5830 0.2746 1.0000
vt 0.6114 0.2746 1.0000
vt 0.6105 0.4503 1.0000
vt 0.6395 0.4503 1.0000
vt 0.6108 0.2746 1.0000
vt 0.6392 0.2746 1.0000
vt 0.6383 0.4503 1.0000
vt 0.6673 0.4503 1.0000
vt 0.6386 0.2746 1.0000
vt 0.6670 0.2746 1.0000
vt 0.7216 0.4503 1.0000
vt 0.7506 0.4503 1.0000
vt 0.7219 0.2746 1.0000
vt 0.7503 0.2746 1.0000
vt 0.6938 0.4503 1.0000
vt 0.7228 0.4503 1.0000
vt 0.6941 0.2746 1.0000
vt 0.7225 0.2746 1.0000
# 943 texture coords

o Obj3d66_450520_1_684
g Obj3d66_450520_1_684
usemtl wire_135110008
s 2
f 4/4/4 3/3/3 2/2/2 1/1/1 
s 16
f 8/8/8 7/7/7 6/6/6 5/5/5 
s 64
f 12/8/12 11/7/11 10/6/10 9/5/9 
s 4
f 16/12/16 15/11/15 14/10/14 13/9/13 
f 20/16/14 19/15/18 18/14/16 17/13/17 
s 1
f 24/20/21 23/19/11 22/18/20 21/17/19 
f 28/24/24 27/23/23 26/22/7 25/21/22 
s 2
f 32/28/28 31/27/27 30/26/26 29/25/25 
f 34/30/30 33/29/29 31/27/27 32/28/28 
f 36/32/32 35/31/31 33/29/29 34/30/30 
f 38/34/34 37/33/33 35/31/31 36/32/32 
f 40/36/36 39/35/35 37/33/33 38/34/34 
f 42/38/38 41/37/37 39/35/35 40/36/36 
f 44/40/40 43/39/39 41/37/37 42/38/38 
f 46/42/42 45/41/41 43/39/39 44/40/40 
f 48/44/44 47/43/43 45/41/41 46/42/42 
f 48/44/44 50/46/46 49/45/45 47/43/43 
f 50/46/46 52/48/48 51/47/47 49/45/45 
f 52/48/48 54/50/50 53/49/49 51/47/47 
f 54/50/50 56/52/52 55/51/51 53/49/49 
f 56/52/52 58/54/54 57/53/53 55/51/51 
f 60/56/56 59/55/55 57/53/53 58/54/54 
f 60/56/56 62/58/58 61/57/57 59/55/55 
f 62/58/58 64/60/60 63/59/59 61/57/57 
f 64/60/60 66/62/62 65/61/61 63/59/59 
f 66/62/62 68/64/64 67/63/63 65/61/61 
f 70/66/66 69/65/65 67/63/63 68/64/64 
f 70/66/66 72/68/68 71/67/67 69/65/65 
f 72/68/68 74/70/70 73/69/69 71/67/67 
f 74/70/70 76/72/72 75/71/71 73/69/69 
f 76/72/72 78/74/74 77/73/73 75/71/71 
f 80/76/76 77/73/73 78/74/74 79/75/75 
f 82/78/78 81/77/77 29/25/25 30/26/26 
f 84/80/80 83/79/79 81/77/77 82/78/78 
f 86/82/82 85/81/81 83/79/79 84/80/80 
f 88/84/84 87/83/83 85/81/81 86/82/82 
f 90/86/86 89/85/85 87/83/83 88/84/84 
f 92/88/88 91/87/87 89/85/85 90/86/86 
f 94/90/90 93/89/89 91/87/87 92/88/88 
s 8
f 133/127/129 132/126/128 131/6/127 130/5/126 129/125/125 128/124/124 127/123/123 126/122/122 125/121/121 124/120/120 123/119/119 122/118/118 121/117/117 120/116/116 119/115/115 118/114/114 117/113/113 116/112/112 115/111/111 114/110/110 113/109/109 112/108/108 111/107/107 110/106/106 109/105/105 108/104/104 107/103/103 106/102/102 105/101/101 104/100/100 103/99/99 102/98/98 101/97/97 100/96/96 99/95/95 98/94/94 97/93/93 96/92/92 95/91/91 
s 32
f 172/164/168 171/163/167 170/162/166 169/161/165 168/160/164 167/159/163 166/158/162 165/157/161 164/156/160 163/155/159 162/154/158 161/153/157 160/152/156 159/151/155 158/150/154 157/149/153 156/148/152 155/147/151 154/146/150 153/145/149 152/144/148 151/143/147 150/142/146 149/141/145 148/140/144 147/139/143 146/138/142 145/137/141 144/136/140 143/135/139 142/134/138 141/133/137 140/132/136 139/131/135 138/130/134 137/129/133 136/6/132 135/5/131 134/128/130 
s off
f 174/165/170 173/165/169 1/1/1 
f 176/166/172 175/166/171 9/5/9 
f 178/166/174 177/166/173 135/5/131 
f 180/166/176 179/166/175 4/4/4 
f 182/167/178 181/167/177 129/125/125 
f 184/167/180 183/167/179 8/8/8 
f 186/167/182 185/167/181 134/128/130 
f 188/167/184 187/167/183 12/8/12 
f 190/168/186 189/168/185 172/164/168 
f 192/169/188 191/169/187 15/11/15 
f 194/168/190 193/168/189 128/124/124 
f 196/168/192 195/168/191 19/15/18 
f 198/170/194 197/170/193 22/18/20 
f 200/171/196 199/171/195 171/163/167 
f 202/172/198 201/172/197 127/123/123 
f 204/173/200 203/173/199 25/21/22 
f 4/177/4 206/176/202 205/175/201 3/174/3 
f 1/177/1 207/176/203 180/175/176 4/174/4 
f 8/181/8 209/180/205 208/179/204 7/178/7 
f 5/185/5 210/184/206 184/183/180 8/182/8 
f 12/189/12 212/188/208 211/187/207 11/186/11 
f 9/192/9 213/184/209 188/191/184 12/190/12 
f 16/196/16 214/195/210 192/194/188 15/193/15 
f 20/200/14 215/199/211 196/198/192 19/197/18 
f 24/204/21 217/203/213 216/202/212 23/201/11 
f 21/208/19 219/207/215 218/206/214 24/205/21 
f 28/212/24 221/211/217 220/210/216 27/209/23 
f 25/216/22 223/215/219 222/214/218 28/213/24 
f 105/220/101 225/219/221 224/218/220 104/217/100 
f 162/224/158 227/223/223 226/222/222 161/221/157 
f 29/228/25 229/227/225 228/226/224 32/225/28 
f 32/232/28 228/231/224 230/230/226 34/229/30 
f 36/236/32 232/235/228 231/234/227 38/233/34 
f 38/240/34 231/239/227 233/238/229 40/237/36 
f 40/244/36 233/243/229 234/242/230 42/241/38 
f 42/248/38 234/247/230 235/246/231 44/245/40 
f 44/252/40 235/251/231 236/250/232 46/249/42 
f 46/256/42 236/255/232 237/254/233 48/253/44 
f 48/260/44 237/259/233 238/258/234 50/257/46 
f 50/264/46 238/263/234 239/262/235 52/261/48 
f 52/268/48 239/267/235 240/266/236 54/265/50 
f 54/272/50 240/271/236 241/270/237 56/269/52 
f 56/276/52 241/275/237 242/274/238 58/273/54 
f 58/280/54 242/279/238 243/278/239 60/277/56 
f 60/284/56 243/283/239 244/282/240 62/281/58 
f 62/288/58 244/287/240 245/286/241 64/285/60 
f 64/292/60 245/291/241 246/290/242 66/289/62 
f 66/296/62 246/295/242 247/294/243 68/293/64 
f 68/300/64 247/299/243 248/298/244 70/297/66 
f 70/304/66 248/303/244 249/302/245 72/301/68 
f 72/308/68 249/307/245 250/306/246 74/305/70 
f 74/312/70 250/311/246 251/310/247 76/309/72 
f 76/316/72 251/315/247 252/314/248 78/313/74 
f 80/320/76 254/319/250 253/318/249 77/317/73 
f 30/324/26 256/323/252 255/322/251 82/321/78 
f 82/328/78 255/327/251 257/326/253 84/325/80 
f 84/332/80 257/331/253 258/330/254 86/329/82 
f 86/336/82 258/335/254 259/334/255 88/333/84 
f 88/340/84 259/339/255 260/338/256 90/337/86 
f 90/344/86 260/343/256 261/342/257 92/341/88 
f 94/348/90 263/347/259 262/346/258 93/345/89 
f 92/352/88 261/351/257 264/350/260 94/349/90 
f 2/177/2 265/176/261 174/175/170 1/174/1 
f 3/177/3 267/176/263 266/175/262 2/174/2 
f 7/356/7 269/355/265 268/354/264 6/353/6 
f 11/359/11 271/358/267 270/354/266 10/357/10 
f 14/363/14 273/362/269 272/361/268 13/360/13 
f 18/367/16 275/366/271 274/365/270 17/364/17 
f 19/371/18 277/370/273 276/369/272 18/368/16 
f 23/375/11 278/374/274 198/373/194 22/372/20 
f 26/379/7 279/378/275 204/377/200 25/376/22 
f 96/383/92 281/382/277 280/381/276 95/380/91 
f 97/387/93 282/386/278 281/385/277 96/384/92 
f 127/391/123 284/390/280 283/389/279 126/388/122 
f 98/395/94 285/394/281 282/393/278 97/392/93 
f 99/399/95 286/398/282 285/397/281 98/396/94 
f 100/403/96 287/402/283 286/401/282 99/400/95 
f 101/407/97 288/406/284 287/405/283 100/404/96 
f 102/411/98 289/410/285 288/409/284 101/408/97 
f 141/415/137 291/414/287 290/413/286 140/412/136 
f 142/419/138 292/418/288 291/417/287 141/416/137 
f 143/423/139 293/422/289 292/421/288 142/420/138 
f 144/427/140 294/426/290 293/425/289 143/424/139 
f 145/431/141 295/430/291 294/429/290 144/428/140 
f 146/435/142 296/434/292 295/433/291 145/432/141 
f 147/439/143 297/438/293 296/437/292 146/436/142 
f 148/443/144 298/442/294 297/441/293 147/440/143 
f 149/447/145 299/446/295 298/445/294 148/444/144 
f 150/451/146 300/450/296 299/449/295 149/448/145 
f 151/455/147 301/454/297 300/453/296 150/452/146 
f 152/459/148 302/458/298 301/457/297 151/456/147 
f 153/463/149 303/462/299 302/461/298 152/460/148 
f 154/467/150 304/466/300 303/465/299 153/464/149 
f 155/471/151 305/470/301 304/469/300 154/468/150 
f 156/475/152 306/474/302 305/473/301 155/472/151 
f 157/479/153 307/478/303 306/477/302 156/476/152 
f 158/483/154 308/482/304 307/481/303 157/480/153 
f 159/487/155 309/486/305 308/485/304 158/484/154 
f 160/491/156 310/490/306 309/489/305 159/488/155 
f 161/495/157 226/494/222 310/493/306 160/492/156 
f 164/499/160 312/498/308 311/497/307 163/496/159 
f 163/503/159 311/502/307 227/501/223 162/500/158 
f 313/165/309 207/504/203 1/1/1 
f 313/165/309 315/165/311 314/505/310 207/504/203 
f 315/165/311 317/165/313 316/506/312 314/505/310 
f 317/165/313 318/508/314 130/507/126 316/506/312 
f 319/165/315 313/165/309 1/1/1 
f 319/165/315 320/165/316 315/165/311 313/165/309 
f 320/165/316 321/165/317 317/165/313 315/165/311 
f 321/165/317 322/509/318 318/508/314 317/165/313 
f 173/165/169 319/165/315 1/1/1 
f 173/165/169 323/165/319 320/165/316 319/165/315 
f 323/165/319 324/165/320 321/165/317 320/165/316 
f 324/165/320 270/510/266 322/509/318 321/165/317 
f 174/165/170 325/165/321 323/165/319 173/165/169 
f 325/165/321 326/165/322 324/165/320 323/165/319 
f 326/165/322 10/511/10 270/510/266 324/165/320 
f 327/166/323 213/512/209 9/5/9 
f 327/166/323 329/166/325 328/513/324 213/512/209 
f 329/166/325 331/166/327 330/514/326 328/513/324 
f 331/166/327 332/516/328 136/515/132 330/514/326 
f 333/166/329 327/166/323 9/5/9 
f 333/166/329 334/166/330 329/166/325 327/166/323 
f 334/166/330 335/166/331 331/166/327 329/166/325 
f 335/166/331 336/517/332 332/516/328 331/166/327 
f 175/166/171 333/166/329 9/5/9 
f 175/166/171 337/166/333 334/166/330 333/166/329 
f 337/166/333 338/166/334 335/166/331 334/166/330 
f 338/166/334 266/518/262 336/517/332 335/166/331 
f 176/166/172 339/166/335 337/166/333 175/166/171 
f 339/166/335 265/166/261 338/166/334 337/166/333 
f 265/166/261 2/519/2 266/518/262 338/166/334 
f 341/166/337 340/512/336 135/5/131 
f 341/166/337 343/166/339 342/513/338 340/512/336 
f 343/166/339 344/166/340 268/514/264 342/513/338 
f 344/166/340 345/516/341 6/515/6 268/514/264 
f 346/166/342 341/166/337 135/5/131 
f 346/166/342 347/166/343 343/166/339 341/166/337 
f 347/166/343 348/166/344 344/166/340 343/166/339 
f 348/166/344 349/520/345 345/516/341 344/166/340 
f 177/166/173 346/166/342 135/5/131 
f 177/166/173 350/166/346 347/166/343 346/166/342 
f 350/166/346 351/166/347 348/166/344 347/166/343 
f 351/166/347 205/518/201 349/520/345 348/166/344 
f 178/166/174 352/166/348 350/166/346 177/166/173 
f 352/166/348 267/166/263 351/166/347 350/166/346 
f 267/166/263 3/519/3 205/518/201 351/166/347 
f 353/166/349 206/521/202 4/4/4 
f 353/166/349 355/166/351 354/522/350 206/521/202 
f 355/166/351 357/166/353 356/523/352 354/522/350 
f 357/166/353 210/525/206 5/524/5 356/523/352 
f 358/166/354 353/166/349 4/4/4 
f 358/166/354 359/166/355 355/166/351 353/166/349 
f 359/166/355 360/166/356 357/166/353 355/166/351 
f 360/166/356 361/526/357 210/525/206 357/166/353 
f 179/166/175 358/166/354 4/4/4 
f 179/166/175 362/166/358 359/166/355 358/166/354 
f 362/166/358 363/166/359 360/166/356 359/166/355 
f 363/166/359 364/527/360 361/526/357 360/166/356 
f 180/166/176 365/166/361 362/166/358 179/166/175 
f 365/166/361 366/166/362 363/166/359 362/166/358 
f 366/166/362 131/528/127 364/527/360 363/166/359 
f 368/167/364 367/529/363 129/125/125 
f 368/167/364 370/167/366 369/530/365 367/529/363 
f 370/167/366 371/167/367 274/531/270 369/530/365 
f 371/167/367 372/533/368 17/532/17 274/531/270 
f 373/167/369 368/167/364 129/125/125 
f 373/167/369 374/167/370 370/167/366 368/167/364 
f 374/167/370 375/167/371 371/167/367 370/167/366 
f 375/167/371 376/534/372 372/533/368 371/167/367 
f 181/167/177 373/167/369 129/125/125 
f 181/167/177 377/167/373 374/167/370 373/167/369 
f 377/167/373 378/167/374 375/167/371 374/167/370 
f 378/167/374 211/535/207 376/534/372 375/167/371 
f 182/167/178 379/167/375 377/167/373 181/167/177 
f 379/167/375 271/167/267 378/167/374 377/167/373 
f 271/167/267 11/536/11 211/535/207 378/167/374 
f 380/167/376 209/537/205 8/8/8 
f 380/167/376 382/167/378 381/538/377 209/537/205 
f 382/167/378 384/167/380 383/539/379 381/538/377 
f 384/167/380 214/541/210 16/540/16 383/539/379 
f 385/167/381 380/167/376 8/8/8 
f 385/167/381 386/167/382 382/167/378 380/167/376 
f 386/167/382 387/167/383 384/167/380 382/167/378 
f 387/167/383 388/542/384 214/541/210 384/167/380 
f 183/167/179 385/167/381 8/8/8 
f 183/167/179 389/167/385 386/167/382 385/167/381 
f 389/167/385 390/167/386 387/167/383 386/167/382 
f 390/167/386 391/543/387 388/542/384 387/167/383 
f 184/167/180 392/167/388 389/167/385 183/167/179 
f 392/167/388 393/167/389 390/167/386 389/167/385 
f 393/167/389 132/544/128 391/543/387 390/167/386 
f 395/167/391 394/545/390 134/128/130 
f 395/167/391 397/167/393 396/546/392 394/545/390 
f 397/167/393 398/167/394 272/547/268 396/546/392 
f 398/167/394 399/549/395 13/548/13 272/547/268 
f 400/167/396 395/167/391 134/128/130 
f 400/167/396 401/167/397 397/167/393 395/167/391 
f 401/167/397 402/167/398 398/167/394 397/167/393 
f 402/167/398 403/550/399 399/549/395 398/167/394 
f 185/167/181 400/167/396 134/128/130 
f 185/167/181 404/167/400 401/167/397 400/167/396 
f 404/167/400 405/167/401 402/167/398 401/167/397 
f 405/167/401 208/535/204 403/550/399 402/167/398 
f 186/167/182 406/167/402 404/167/400 185/167/181 
f 406/167/402 269/167/265 405/167/401 404/167/400 
f 269/167/265 7/551/7 208/535/204 405/167/401 
f 407/167/403 212/537/208 12/8/12 
f 407/167/403 409/167/405 408/538/404 212/537/208 
f 409/167/405 411/167/407 410/539/406 408/538/404 
f 411/167/407 215/541/211 20/540/14 410/539/406 
f 412/167/408 407/167/403 12/8/12 
f 412/167/408 413/167/409 409/167/405 407/167/403 
f 413/167/409 414/167/410 411/167/407 409/167/405 
f 414/167/410 415/542/411 215/541/211 411/167/407 
f 187/167/183 412/167/408 12/8/12 
f 187/167/183 416/167/412 413/167/409 412/167/408 
f 416/167/412 417/167/413 414/167/410 413/167/409 
f 417/167/413 418/543/414 415/542/411 414/167/410 
f 188/167/184 419/167/415 416/167/412 187/167/183 
f 419/167/415 420/167/416 417/167/413 416/167/412 
f 420/167/416 137/544/133 418/543/414 417/167/413 
f 422/168/418 421/552/417 172/164/168 
f 422/168/418 424/168/420 423/553/419 421/552/417 
f 424/168/420 425/168/421 218/554/214 423/553/419 
f 425/168/421 217/556/213 24/555/21 218/554/214 
f 426/168/422 422/168/418 172/164/168 
f 426/168/422 427/168/423 424/168/420 422/168/418 
f 427/168/423 428/168/424 425/168/421 424/168/420 
f 428/168/424 429/557/425 217/556/213 425/168/421 
f 189/168/185 426/168/422 172/164/168 
f 189/168/185 430/168/426 427/168/423 426/168/422 
f 430/168/426 431/168/427 428/168/424 427/168/423 
f 431/168/427 432/558/428 429/557/425 428/168/424 
f 190/168/186 433/168/429 430/168/426 189/168/185 
f 433/168/429 273/168/269 431/168/427 430/168/426 
f 273/168/269 14/559/14 432/558/428 431/168/427 
f 435/169/431 434/560/430 15/11/15 
f 435/169/431 437/169/433 436/561/432 434/560/430 
f 437/169/433 438/169/434 216/562/212 436/561/432 
f 438/169/434 278/564/274 23/563/11 216/562/212 
f 439/169/435 435/169/431 15/11/15 
f 439/169/435 440/169/436 437/169/433 435/169/431 
f 440/169/436 441/169/437 438/169/434 437/169/433 
f 441/169/437 442/565/438 278/564/274 438/169/434 
f 191/169/187 439/169/435 15/11/15 
f 191/169/187 443/169/439 440/169/436 439/169/435 
f 443/169/439 444/169/440 441/169/437 440/169/436 
f 444/169/440 445/566/441 442/565/438 441/169/437 
f 192/169/188 446/169/442 443/169/439 191/169/187 
f 446/169/442 447/169/443 444/169/440 443/169/439 
f 447/169/443 133/567/129 445/566/441 444/169/440 
f 449/168/445 448/568/444 128/124/124 
f 449/168/445 451/168/447 450/569/446 448/568/444 
f 451/168/447 452/168/448 220/570/216 450/569/446 
f 452/168/448 453/572/449 27/571/23 220/570/216 
f 454/168/450 449/168/445 128/124/124 
f 454/168/450 455/168/451 451/168/447 449/168/445 
f 455/168/451 456/168/452 452/168/448 451/168/447 
f 456/168/452 457/573/453 453/572/449 452/168/448 
f 193/168/189 454/168/450 128/124/124 
f 193/168/189 458/168/454 455/168/451 454/168/450 
f 458/168/454 459/168/455 456/168/452 455/168/451 
f 459/168/455 276/574/272 457/573/453 456/168/452 
f 194/168/190 460/168/456 458/168/454 193/168/189 
f 460/168/456 275/168/271 459/168/455 458/168/454 
f 275/168/271 18/575/16 276/574/272 459/168/455 
f 461/168/457 277/576/273 19/15/18 
f 461/168/457 463/168/459 462/577/458 277/576/273 
f 463/168/459 465/168/461 464/578/460 462/577/458 
f 465/168/461 279/580/275 26/579/7 464/578/460 
f 466/168/462 461/168/457 19/15/18 
f 466/168/462 467/168/463 463/168/459 461/168/457 
f 467/168/463 468/168/464 465/168/461 463/168/459 
f 468/168/464 469/581/465 279/580/275 465/168/461 
f 195/168/191 466/168/462 19/15/18 
f 195/168/191 470/168/466 467/168/463 466/168/462 
f 470/168/466 471/168/467 468/168/464 467/168/463 
f 471/168/467 472/582/468 469/581/465 468/168/464 
f 196/168/192 473/168/469 470/168/466 195/168/191 
f 473/168/469 474/168/470 471/168/467 470/168/466 
f 474/168/470 138/583/134 472/582/468 471/168/467 
f 476/170/472 475/584/471 22/18/20 
f 476/170/472 478/170/474 477/585/473 475/584/471 
f 478/170/474 479/170/475 262/586/258 477/585/473 
f 479/170/475 480/588/476 93/587/89 262/586/258 
f 481/170/477 476/170/472 22/18/20 
f 481/170/477 482/170/478 478/170/474 476/170/472 
f 482/170/478 483/170/479 479/170/475 478/170/474 
f 483/170/479 484/589/480 480/588/476 479/170/475 
f 197/170/193 481/170/477 22/18/20 
f 197/170/193 485/170/481 482/170/478 481/170/477 
f 485/170/481 486/170/482 483/170/479 482/170/478 
f 486/170/482 280/590/276 484/589/480 483/170/479 
f 198/170/194 487/170/483 485/170/481 197/170/193 
f 487/170/483 488/170/484 486/170/482 485/170/481 
f 488/170/484 95/591/91 280/590/276 486/170/482 
f 490/171/486 489/592/485 171/163/167 
f 490/171/486 492/171/488 491/593/487 489/592/485 
f 492/171/488 493/171/489 264/594/260 491/593/487 
f 493/171/489 263/596/259 94/595/90 264/594/260 
f 494/171/490 490/171/486 171/163/167 
f 494/171/490 495/171/491 492/171/488 490/171/486 
f 495/171/491 496/171/492 493/171/489 492/171/488 
f 496/171/492 497/597/493 263/596/259 493/171/489 
f 199/171/195 494/171/490 171/163/167 
f 199/171/195 498/171/494 495/171/491 494/171/490 
f 498/171/494 499/171/495 496/171/492 495/171/491 
f 499/171/495 500/598/496 497/597/493 496/171/492 
f 200/171/196 501/171/497 498/171/494 199/171/195 
f 501/171/497 219/171/215 499/171/495 498/171/494 
f 219/171/215 21/599/19 500/598/496 499/171/495 
f 502/172/498 284/600/280 127/123/123 
f 502/172/498 504/172/500 503/601/499 284/600/280 
f 504/172/500 506/172/502 505/602/501 503/601/499 
f 506/172/502 507/604/503 79/603/75 505/602/501 
f 508/172/504 502/172/498 127/123/123 
f 508/172/504 509/172/505 504/172/500 502/172/498 
f 509/172/505 510/172/506 506/172/502 504/172/500 
f 510/172/506 511/605/507 507/604/503 506/172/502 
f 201/172/197 508/172/504 127/123/123 
f 201/172/197 512/172/508 509/172/505 508/172/504 
f 512/172/508 513/172/509 510/172/506 509/172/505 
f 513/172/509 222/606/218 511/605/507 510/172/506 
f 202/172/198 514/172/510 512/172/508 201/172/197 
f 514/172/510 221/172/217 513/172/509 512/172/508 
f 221/172/217 28/607/24 222/606/218 513/172/509 
f 515/173/511 223/608/219 25/21/22 
f 515/173/511 517/173/513 516/609/512 223/608/219 
f 517/173/513 519/173/515 518/610/514 516/609/512 
f 519/173/515 254/612/250 80/611/76 518/610/514 
f 520/173/516 515/173/511 25/21/22 
f 520/173/516 521/173/517 517/173/513 515/173/511 
f 521/173/517 522/173/518 519/173/515 517/173/513 
f 522/173/518 523/613/519 254/612/250 519/173/515 
f 203/173/199 520/173/516 25/21/22 
f 203/173/199 524/173/520 521/173/517 520/173/516 
f 524/173/520 525/173/521 522/173/518 521/173/517 
f 525/173/521 526/614/522 523/613/519 522/173/518 
f 204/173/200 527/173/523 524/173/520 203/173/199 
f 527/173/523 528/173/524 525/173/521 524/173/520 
f 528/173/524 139/615/135 526/614/522 525/173/521 
f 206/176/202 354/617/350 349/616/345 205/175/201 
f 354/617/350 356/619/352 345/618/341 349/616/345 
f 356/619/352 5/5/5 6/6/6 345/618/341 
f 207/176/203 314/617/310 365/616/361 180/175/176 
f 314/617/310 316/619/312 366/618/362 365/616/361 
f 316/619/312 130/5/126 131/6/127 366/618/362 
f 209/180/205 381/621/377 403/620/399 208/179/204 
f 381/621/377 383/623/379 399/622/395 403/620/399 
f 383/623/379 16/12/16 13/9/13 399/622/395 
f 210/184/206 361/625/357 392/624/388 184/183/180 
f 361/625/357 364/627/360 393/626/389 392/624/388 
f 364/627/360 131/6/127 132/126/128 393/626/389 
f 212/188/208 408/629/404 376/628/372 211/187/207 
f 408/629/404 410/631/406 372/630/368 376/628/372 
f 410/631/406 20/16/14 17/13/17 372/630/368 
f 213/184/209 328/633/324 419/632/415 188/191/184 
f 328/633/324 330/627/326 420/634/416 419/632/415 
f 330/627/326 136/6/132 137/129/133 420/634/416 
f 214/195/210 388/636/384 446/635/442 192/194/188 
f 388/636/384 391/638/387 447/637/443 446/635/442 
f 391/638/387 132/126/128 133/127/129 447/637/443 
f 215/199/211 415/640/411 473/639/469 196/198/192 
f 415/640/411 418/641/414 474/637/470 473/639/469 
f 418/641/414 137/129/133 138/130/134 474/637/470 
f 217/203/213 429/643/425 436/642/432 216/202/212 
f 429/643/425 432/645/428 434/644/430 436/642/432 
f 432/645/428 14/10/14 15/11/15 434/644/430 
f 219/207/215 501/647/497 423/646/419 218/206/214 
f 501/647/497 200/649/196 421/648/417 423/646/419 
f 200/649/196 171/163/167 172/164/168 421/648/417 
f 221/211/217 514/651/510 450/650/446 220/210/216 
f 514/651/510 202/653/198 448/652/444 450/650/446 
f 202/653/198 127/123/123 128/124/124 448/652/444 
f 223/215/219 516/655/512 511/654/507 222/214/218 
f 516/655/512 518/657/514 507/656/503 511/654/507 
f 518/657/514 80/76/76 79/75/75 507/656/503 
f 225/219/221 530/659/526 529/658/525 224/218/220 
f 530/659/526 232/661/228 230/660/226 529/658/525 
f 232/661/228 36/32/32 34/30/30 230/660/226 
f 227/223/223 532/663/528 531/662/527 226/222/222 
f 532/663/528 534/665/530 533/664/529 531/662/527 
f 534/665/530 33/29/29 35/31/31 533/664/529 
f 229/227/225 536/667/532 535/666/531 228/226/224 
f 536/667/532 289/669/285 537/668/533 535/666/531 
f 289/669/285 102/98/98 103/99/99 537/668/533 
f 228/231/224 535/671/531 529/670/525 230/230/226 
f 535/671/531 537/673/533 224/672/220 529/670/525 
f 537/673/533 103/99/99 104/100/100 224/672/220 
f 232/235/228 530/675/526 538/674/534 231/234/227 
f 530/675/526 225/677/221 539/676/535 538/674/534 
f 225/677/221 105/101/101 106/102/102 539/676/535 
f 231/239/227 538/679/534 540/678/536 233/238/229 
f 538/679/534 539/681/535 541/680/537 540/678/536 
f 539/681/535 106/102/102 107/103/103 541/680/537 
f 233/243/229 540/683/536 542/682/538 234/242/230 
f 540/683/536 541/685/537 543/684/539 542/682/538 
f 541/685/537 107/103/103 108/104/104 543/684/539 
f 234/247/230 542/687/538 544/686/540 235/246/231 
f 542/687/538 543/689/539 545/688/541 544/686/540 
f 543/689/539 108/104/104 109/105/105 545/688/541 
f 235/251/231 544/691/540 546/690/542 236/250/232 
f 544/691/540 545/693/541 547/692/543 546/690/542 
f 545/693/541 109/105/105 110/106/106 547/692/543 
f 236/255/232 546/695/542 548/694/544 237/254/233 
f 546/695/542 547/697/543 549/696/545 548/694/544 
f 547/697/543 110/106/106 111/107/107 549/696/545 
f 237/259/233 548/699/544 550/698/546 238/258/234 
f 548/699/544 549/701/545 551/700/547 550/698/546 
f 549/701/545 111/107/107 112/108/108 551/700/547 
f 238/263/234 550/703/546 552/702/548 239/262/235 
f 550/703/546 551/705/547 553/704/549 552/702/548 
f 551/705/547 112/108/108 113/109/109 553/704/549 
f 239/267/235 552/707/548 554/706/550 240/266/236 
f 552/707/548 553/709/549 555/708/551 554/706/550 
f 553/709/549 113/109/109 114/110/110 555/708/551 
f 240/271/236 554/711/550 556/710/552 241/270/237 
f 554/711/550 555/713/551 557/712/553 556/710/552 
f 555/713/551 114/110/110 115/111/111 557/712/553 
f 241/275/237 556/715/552 558/714/554 242/274/238 
f 556/715/552 557/717/553 559/716/555 558/714/554 
f 557/717/553 115/111/111 116/112/112 559/716/555 
f 242/279/238 558/719/554 560/718/556 243/278/239 
f 558/719/554 559/721/555 561/720/557 560/718/556 
f 559/721/555 116/112/112 117/113/113 561/720/557 
f 243/283/239 560/723/556 562/722/558 244/282/240 
f 560/723/556 561/725/557 563/724/559 562/722/558 
f 561/725/557 117/113/113 118/114/114 563/724/559 
f 244/287/240 562/727/558 564/726/560 245/286/241 
f 562/727/558 563/729/559 565/728/561 564/726/560 
f 563/729/559 118/114/114 119/115/115 565/728/561 
f 245/291/241 564/731/560 566/730/562 246/290/242 
f 564/731/560 565/733/561 567/732/563 566/730/562 
f 565/733/561 119/115/115 120/116/116 567/732/563 
f 246/295/242 566/735/562 568/734/564 247/294/243 
f 566/735/562 567/737/563 569/736/565 568/734/564 
f 567/737/563 120/116/116 121/117/117 569/736/565 
f 247/299/243 568/739/564 570/738/566 248/298/244 
f 568/739/564 569/741/565 571/740/567 570/738/566 
f 569/741/565 121/117/117 122/118/118 571/740/567 
f 248/303/244 570/743/566 572/742/568 249/302/245 
f 570/743/566 571/745/567 573/744/569 572/742/568 
f 571/745/567 122/118/118 123/119/119 573/744/569 
f 249/307/245 572/747/568 574/746/570 250/306/246 
f 572/747/568 573/749/569 575/748/571 574/746/570 
f 573/749/569 123/119/119 124/120/120 575/748/571 
f 250/311/246 574/751/570 576/750/572 251/310/247 
f 574/751/570 575/753/571 577/752/573 576/750/572 
f 575/753/571 124/120/120 125/121/121 577/752/573 
f 251/315/247 576/755/572 578/754/574 252/314/248 
f 576/755/572 577/757/573 283/756/279 578/754/574 
f 577/757/573 125/121/121 126/122/122 283/756/279 
f 254/319/250 523/759/519 579/758/575 253/318/249 
f 523/759/519 526/761/522 290/760/286 579/758/575 
f 526/761/522 139/131/135 140/132/136 290/760/286 
f 256/323/252 581/763/577 580/762/576 255/322/251 
f 581/763/577 312/765/308 582/764/578 580/762/576 
f 312/765/308 164/156/160 165/157/161 582/764/578 
f 255/327/251 580/767/576 583/766/579 257/326/253 
f 580/767/576 582/769/578 584/768/580 583/766/579 
f 582/769/578 165/157/161 166/158/162 584/768/580 
f 257/331/253 583/771/579 585/770/581 258/330/254 
f 583/771/579 584/773/580 586/772/582 585/770/581 
f 584/773/580 166/158/162 167/159/163 586/772/582 
f 258/335/254 585/775/581 587/774/583 259/334/255 
f 585/775/581 586/777/582 588/776/584 587/774/583 
f 586/777/582 167/159/163 168/160/164 588/776/584 
f 259/339/255 587/779/583 589/778/585 260/338/256 
f 587/779/583 588/781/584 590/780/586 589/778/585 
f 588/781/584 168/160/164 169/161/165 590/780/586 
f 260/343/256 589/783/585 591/782/587 261/342/257 
f 589/783/585 590/785/586 592/784/588 591/782/587 
f 590/785/586 169/161/165 170/162/166 592/784/588 
f 263/347/259 497/787/493 477/786/473 262/346/258 
f 497/787/493 500/789/496 475/788/471 477/786/473 
f 500/789/496 21/17/19 22/18/20 475/788/471 
f 261/351/257 591/791/587 491/790/487 264/350/260 
f 591/791/587 592/793/588 489/792/485 491/790/487 
f 592/793/588 170/162/166 171/163/167 489/792/485 
f 265/176/261 339/617/335 325/616/321 174/175/170 
f 339/617/335 176/619/172 326/618/322 325/616/321 
f 176/619/172 9/5/9 10/6/10 326/618/322 
f 267/176/263 352/617/348 336/616/332 266/175/262 
f 352/617/348 178/619/174 332/618/328 336/616/332 
f 178/619/174 135/5/131 136/6/132 332/618/328 
f 269/355/265 406/795/402 342/794/338 268/354/264 
f 406/795/402 186/797/182 340/796/336 342/794/338 
f 186/797/182 134/128/130 135/5/131 340/796/336 
f 271/358/267 379/799/375 322/798/318 270/354/266 
f 379/799/375 182/800/178 318/796/314 322/798/318 
f 182/800/178 129/125/125 130/5/126 318/796/314 
f 273/362/269 433/802/429 396/801/392 272/361/268 
f 433/802/429 190/804/186 394/803/390 396/801/392 
f 190/804/186 172/164/168 134/128/130 394/803/390 
f 275/366/271 460/806/456 369/805/365 274/365/270 
f 460/806/456 194/804/190 367/807/363 369/805/365 
f 194/804/190 128/124/124 129/125/125 367/807/363 
f 277/370/273 462/809/458 457/808/453 276/369/272 
f 462/809/458 464/811/460 453/810/449 457/808/453 
f 464/811/460 26/22/7 27/23/23 453/810/449 
f 278/374/274 442/813/438 487/812/483 198/373/194 
f 442/813/438 445/815/441 488/814/484 487/812/483 
f 445/815/441 133/127/129 95/91/91 488/814/484 
f 279/378/275 469/817/465 527/816/523 204/377/200 
f 469/817/465 472/819/468 528/818/524 527/816/523 
f 472/819/468 138/130/134 139/131/135 528/818/524 
f 281/382/277 593/821/589 484/820/480 280/381/276 
f 593/821/589 594/823/590 480/822/476 484/820/480 
f 594/823/590 91/87/87 93/89/89 480/822/476 
f 282/386/278 595/825/591 593/824/589 281/385/277 
f 595/825/591 596/827/592 594/826/590 593/824/589 
f 596/827/592 89/85/85 91/87/87 594/826/590 
f 284/390/280 503/829/499 578/828/574 283/389/279 
f 503/829/499 505/831/501 252/830/248 578/828/574 
f 505/831/501 79/75/75 78/74/74 252/830/248 
f 285/394/281 597/833/593 595/832/591 282/393/278 
f 597/833/593 598/835/594 596/834/592 595/832/591 
f 598/835/594 87/83/83 89/85/85 596/834/592 
f 286/398/282 599/837/595 597/836/593 285/397/281 
f 599/837/595 600/839/596 598/838/594 597/836/593 
f 600/839/596 85/81/81 87/83/83 598/838/594 
f 287/402/283 601/841/597 599/840/595 286/401/282 
f 601/841/597 602/843/598 600/842/596 599/840/595 
f 602/843/598 83/79/79 85/81/81 600/842/596 
f 288/406/284 603/845/599 601/844/597 287/405/283 
f 603/845/599 604/847/600 602/846/598 601/844/597 
f 604/847/600 81/77/77 83/79/79 602/846/598 
f 289/410/285 536/849/532 603/848/599 288/409/284 
f 536/849/532 229/851/225 604/850/600 603/848/599 
f 229/851/225 29/25/25 81/77/77 604/850/600 
f 291/414/287 605/853/601 579/852/575 290/413/286 
f 605/853/601 606/855/602 253/854/249 579/852/575 
f 606/855/602 75/71/71 77/73/73 253/854/249 
f 292/418/288 607/857/603 605/856/601 291/417/287 
f 607/857/603 608/859/604 606/858/602 605/856/601 
f 608/859/604 73/69/69 75/71/71 606/858/602 
f 293/422/289 609/861/605 607/860/603 292/421/288 
f 609/861/605 610/863/606 608/862/604 607/860/603 
f 610/863/606 71/67/67 73/69/69 608/862/604 
f 294/426/290 611/865/607 609/864/605 293/425/289 
f 611/865/607 612/867/608 610/866/606 609/864/605 
f 612/867/608 69/65/65 71/67/67 610/866/606 
f 295/430/291 613/869/609 611/868/607 294/429/290 
f 613/869/609 614/871/610 612/870/608 611/868/607 
f 614/871/610 67/63/63 69/65/65 612/870/608 
f 296/434/292 615/873/611 613/872/609 295/433/291 
f 615/873/611 616/875/612 614/874/610 613/872/609 
f 616/875/612 65/61/61 67/63/63 614/874/610 
f 297/438/293 617/877/613 615/876/611 296/437/292 
f 617/877/613 618/879/614 616/878/612 615/876/611 
f 618/879/614 63/59/59 65/61/61 616/878/612 
f 298/442/294 619/881/615 617/880/613 297/441/293 
f 619/881/615 620/883/616 618/882/614 617/880/613 
f 620/883/616 61/57/57 63/59/59 618/882/614 
f 299/446/295 621/885/617 619/884/615 298/445/294 
f 621/885/617 622/887/618 620/886/616 619/884/615 
f 622/887/618 59/55/55 61/57/57 620/886/616 
f 300/450/296 623/889/619 621/888/617 299/449/295 
f 623/889/619 624/891/620 622/890/618 621/888/617 
f 624/891/620 57/53/53 59/55/55 622/890/618 
f 301/454/297 625/893/621 623/892/619 300/453/296 
f 625/893/621 626/895/622 624/894/620 623/892/619 
f 626/895/622 55/51/51 57/53/53 624/894/620 
f 302/458/298 627/897/623 625/896/621 301/457/297 
f 627/897/623 628/899/624 626/898/622 625/896/621 
f 628/899/624 53/49/49 55/51/51 626/898/622 
f 303/462/299 629/901/625 627/900/623 302/461/298 
f 629/901/625 630/903/626 628/902/624 627/900/623 
f 630/903/626 51/47/47 53/49/49 628/902/624 
f 304/466/300 631/905/627 629/904/625 303/465/299 
f 631/905/627 632/907/628 630/906/626 629/904/625 
f 632/907/628 49/45/45 51/47/47 630/906/626 
f 305/470/301 633/909/629 631/908/627 304/469/300 
f 633/909/629 634/911/630 632/910/628 631/908/627 
f 634/911/630 47/43/43 49/45/45 632/910/628 
f 306/474/302 635/913/631 633/912/629 305/473/301 
f 635/913/631 636/915/632 634/914/630 633/912/629 
f 636/915/632 45/41/41 47/43/43 634/914/630 
f 307/478/303 637/917/633 635/916/631 306/477/302 
f 637/917/633 638/919/634 636/918/632 635/916/631 
f 638/919/634 43/39/39 45/41/41 636/918/632 
f 308/482/304 639/921/635 637/920/633 307/481/303 
f 639/921/635 640/923/636 638/922/634 637/920/633 
f 640/923/636 41/37/37 43/39/39 638/922/634 
f 309/486/305 641/925/637 639/924/635 308/485/304 
f 641/925/637 642/927/638 640/926/636 639/924/635 
f 642/927/638 39/35/35 41/37/37 640/926/636 
f 310/490/306 643/929/639 641/928/637 309/489/305 
f 643/929/639 644/931/640 642/930/638 641/928/637 
f 644/931/640 37/33/33 39/35/35 642/930/638 
f 226/494/222 531/933/527 643/932/639 310/493/306 
f 531/933/527 533/935/529 644/934/640 643/932/639 
f 533/935/529 35/31/31 37/33/33 644/934/640 
f 312/498/308 581/937/577 645/936/641 311/497/307 
f 581/937/577 256/939/252 646/938/642 645/936/641 
f 256/939/252 30/26/26 31/27/27 646/938/642 
f 311/502/307 645/941/641 532/940/528 227/501/223 
f 645/941/641 646/943/642 534/942/530 532/940/528 
f 646/943/642 31/27/27 33/29/29 534/942/530 
# 577 polygons - 64 triangles

