# 3ds Max Wavefront OBJ Exporter v0.99 - (c)2007 guruware
# File Created: 28.10.2021 19:17:55

mtllib knight.mtl

#
# object Obj3d66_450520_1_684
#

v  -22.7279 6.3162 17.1926
v  -21.7438 6.3162 18.0184
v  -20.9179 6.3162 17.0343
v  -21.9021 6.3162 16.2084
v  -22.1064 8.8906 17.7142
v  -21.8021 8.8906 17.3516
v  -21.4395 8.8906 17.6558
v  -21.7438 8.8906 18.0184
v  -22.0611 8.8906 17.1343
v  -22.3654 8.8906 17.4969
v  -22.7279 8.8906 17.1926
v  -22.4237 8.8906 16.8300
v  -22.3395 8.8584 17.5186
v  -22.0352 8.8584 17.1560
v  -22.0352 8.0506 17.1560
v  -22.3395 8.0506 17.5186
v  -21.8280 8.8584 17.3299
v  -22.1323 8.8584 17.6925
v  -22.1323 8.0506 17.6925
v  -21.8280 8.0506 17.3299
v  -21.5848 8.8906 17.0926
v  -21.2805 8.8906 16.7300
v  -20.9179 8.8906 17.0343
v  -21.2222 8.8906 17.3969
v  -21.5395 8.8906 16.5127
v  -21.8438 8.8906 16.8753
v  -22.2064 8.8906 16.5710
v  -21.9021 8.8906 16.2084
v  -21.8179 8.8584 16.8970
v  -21.5136 8.8584 16.5344
v  -21.5136 8.0506 16.5344
v  -21.8179 8.0506 16.8970
v  -21.3064 8.8584 16.7083
v  -21.6107 8.8584 17.0709
v  -21.6107 8.0506 17.0709
v  -21.3064 8.0506 16.7083
v  -21.2439 8.8584 17.4228
v  -21.2439 8.0506 17.4228
v  -21.6065 8.0506 17.1185
v  -21.6065 8.8584 17.1185
v  -21.7804 8.8584 17.3257
v  -21.7804 8.0506 17.3257
v  -21.4178 8.0506 17.6299
v  -21.4178 8.8584 17.6299
v  -21.8655 8.8584 16.9012
v  -21.8655 8.0506 16.9012
v  -22.2281 8.0506 16.5969
v  -22.2281 8.8584 16.5969
v  -22.0394 8.0506 17.1084
v  -22.0394 8.8584 17.1084
v  -22.4020 8.8584 16.8041
v  -22.4020 8.0506 16.8041
v  -22.1281 7.9862 17.7401
v  -22.1281 8.8584 17.7401
v  -21.7655 8.8584 18.0443
v  -21.7655 6.3483 18.0443
v  -22.7497 6.3483 17.2185
v  -22.7497 8.8584 17.2185
v  -22.3871 8.8584 17.5228
v  -22.3871 7.9862 17.5228
v  -21.5178 7.9862 16.4868
v  -21.5178 8.8584 16.4868
v  -21.8804 8.8584 16.1825
v  -21.8804 6.3483 16.1825
v  -20.8962 6.3483 17.0084
v  -20.8962 8.8584 17.0084
v  -21.2588 8.8584 16.7041
v  -21.2588 7.9862 16.7041
v  -21.8354 8.0184 16.9705
v  -21.4877 8.0184 16.5562
v  -21.3323 8.0184 16.6865
v  -21.6800 8.0184 17.1009
v  -21.2657 8.0184 17.4487
v  -21.3961 8.0184 17.6040
v  -21.8104 8.0184 17.2563
v  -22.1582 8.0184 17.6707
v  -22.3136 8.0184 17.5403
v  -21.9658 8.0184 17.1259
v  -22.3802 8.0184 16.7782
v  -22.2498 8.0184 16.6228
v  -21.9280 8.8584 16.1867
v  -22.2323 8.8584 16.5493
v  -22.2323 7.9862 16.5493
v  -22.4496 7.9862 16.8083
v  -22.4496 8.8584 16.8083
v  -22.7538 8.8584 17.1709
v  -22.7538 6.3483 17.1709
v  -21.9280 6.3483 16.1867
v  -21.7179 8.8584 18.0402
v  -21.4136 8.8584 17.6776
v  -21.4136 7.9862 17.6776
v  -21.1963 7.9862 17.4186
v  -21.1963 8.8584 17.4186
v  -20.8920 8.8584 17.0560
v  -20.8920 6.3483 17.0560
v  -21.7179 6.3483 18.0402
v  -22.7393 6.3182 17.1831
v  -22.7427 6.3182 17.1887
v  -21.9264 6.3343 16.1881
v  -21.9222 6.3351 16.1831
v  -20.8976 6.3343 17.0100
v  -20.8926 6.3351 17.0141
v  -21.7533 6.3182 18.0298
v  -21.7477 6.3182 18.0332
v  -22.7597 8.8584 17.2074
v  -22.7589 8.8646 17.2080
v  -21.7290 8.8584 18.0501
v  -21.7284 8.8646 18.0494
v  -20.8862 8.8584 17.0195
v  -20.8869 8.8646 17.0189
v  -21.9169 8.8584 16.1767
v  -21.9175 8.8646 16.1774
v  -22.3457 8.0164 17.5326
v  -22.3411 8.0166 17.5353
v  -21.4965 8.0003 16.5074
v  -21.5015 8.0012 16.5033
v  -22.1494 8.0003 17.7195
v  -22.1444 8.0012 17.7236
v  -21.3002 8.0164 16.6942
v  -21.3048 8.0166 16.6915
v  -21.2602 8.8725 16.7057
v  -21.2651 8.8716 16.7016
v  -22.1159 8.8886 17.7255
v  -22.1202 8.8886 17.7206
v  -22.3857 8.8725 17.5211
v  -22.3808 8.8716 17.5253
v  -21.5300 8.8886 16.5014
v  -21.5257 8.8886 16.5062
v  -21.2562 8.0204 17.4373
v  -21.2500 8.0202 17.4413
v  -22.2295 8.0365 16.5985
v  -22.2348 8.0356 16.5937
v  -21.8353 8.0365 16.9210
v  -21.8318 8.0374 16.9164
v  -21.6497 8.0204 17.0878
v  -21.6532 8.0204 17.0933
v  -21.4037 8.0164 17.6362
v  -21.4010 8.0166 17.6316
v  -22.4290 8.0003 16.7870
v  -22.4331 8.0012 16.7919
v  -21.9962 8.0204 17.1391
v  -21.9927 8.0204 17.1335
v  -21.8106 8.0365 17.3058
v  -21.8141 8.0374 17.3104
v  -21.4152 8.8725 17.6762
v  -21.4111 8.8716 17.6713
v  -22.4350 8.8886 16.8205
v  -22.4302 8.8886 16.8162
v  -21.8134 8.8886 17.3421
v  -21.8086 8.8886 17.3377
v  -22.0368 8.8725 17.1546
v  -22.0327 8.8716 17.1497
v  -22.2307 8.8725 16.5507
v  -22.2348 8.8716 16.5556
v  -21.2109 8.8886 17.4064
v  -21.2158 8.8886 17.4107
v  -21.6091 8.8725 17.0722
v  -21.6132 8.8716 17.0772
v  -21.8325 8.8886 16.8848
v  -21.8373 8.8886 16.8892
v  -21.7324 6.3182 18.0279
v  -20.9066 6.3182 17.0438
v  -22.7375 6.3182 17.2039
v  -22.7597 6.3483 17.2074
v  -20.8862 6.3483 17.0195
v  -22.1644 8.0164 17.6848
v  -21.8018 8.0204 17.2691
v  -22.1468 8.0204 17.6802
v  -21.7926 8.8886 17.3403
v  -21.4300 8.8886 17.6445
v  -22.1177 8.8886 17.7047
v  -22.3749 8.8886 17.5082
v  -22.7375 8.8886 17.2039
v  -22.0498 8.8886 17.1438
v  -22.3540 8.8886 17.5064
v  -22.0273 8.8584 17.1433
v  -22.0273 8.0506 17.1433
v  -22.1401 8.8584 17.7051
v  -22.1401 8.0466 17.7051
v  -22.4480 8.8725 16.8097
v  -22.7522 8.8725 17.1722
v  -22.4385 8.0144 16.7983
v  -22.4385 8.8584 16.7983
v  -21.1979 8.8725 17.4172
v  -20.8937 8.8725 17.0546
v  -21.2061 8.0144 17.4296
v  -21.2074 8.8584 17.4286
v  -21.2710 8.8886 16.7187
v  -20.9084 8.8886 17.0229
v  -21.5961 8.8886 17.0831
v  -21.2919 8.8886 16.7205
v  -21.8533 8.8886 16.8866
v  -22.2159 8.8886 16.5824
v  -21.5282 8.8886 16.5222
v  -21.5057 8.8584 16.5217
v  -21.5057 8.0466 16.5217
v  -21.6186 8.8584 17.0836
v  -21.6186 8.0506 17.0836
v  -21.2453 8.0365 17.4244
v  -21.6111 8.0365 17.1174
v  -21.8006 8.0365 17.3038
v  -21.4164 8.0365 17.6283
v  -21.7931 8.8584 17.3178
v  -21.7931 8.0506 17.3178
v  -21.8453 8.0365 16.9231
v  -21.8528 8.8584 16.9091
v  -21.8528 8.0506 16.9091
v  -22.0407 8.8725 17.1100
v  -22.4033 8.8725 16.8057
v  -21.9135 6.3182 16.1989
v  -20.9084 6.3182 17.0229
v  -21.8926 6.3182 16.1971
v  -22.1267 8.8725 17.7385
v  -21.7641 8.8725 18.0427
v  -21.7528 8.8584 18.0522
v  -21.7528 6.3483 18.0522
v  -22.3744 8.8584 17.5307
v  -22.3765 7.9902 17.5289
v  -21.5192 8.8725 16.4884
v  -21.8817 8.8725 16.1842
v  -21.8931 8.8584 16.1746
v  -21.8931 6.3483 16.1746
v  -21.2634 8.0003 16.7030
v  -21.2715 8.8584 16.6962
v  -21.2694 7.9902 16.6980
v  -22.3943 8.0164 16.7720
v  -22.2596 8.0164 16.6091
v  -21.9980 8.0204 17.1183
v  -22.3897 8.0204 16.7896
v  -21.2353 8.0164 17.4355
v  -21.8441 8.0204 16.9578
v  -21.4991 8.0204 16.5466
v  -21.3210 8.0204 16.6961
v  -22.3249 8.0204 17.5308
v  -21.4282 8.8886 17.6654
v  -21.7324 8.8886 18.0279
v  -22.2402 8.8584 16.5620
v  -22.2402 7.9902 16.5620
v  -21.9264 8.8725 16.1881
v  -21.4057 8.8584 17.6649
v  -21.4075 7.9902 17.6670
v  -21.2317 8.8886 17.4082
v  -21.5943 8.8886 17.1039
v  -22.7418 6.3182 17.1991
v  -22.7517 6.3242 17.2037
v  -22.7442 6.3242 17.2120
v  -22.7577 6.3343 17.2065
v  -22.7483 6.3343 17.2169
v  -22.7436 6.3182 17.1940
v  -22.7547 6.3242 17.1950
v  -22.7614 6.3343 17.1955
v  -22.7637 6.3483 17.1957
v  -22.7533 6.3242 17.1858
v  -22.7596 6.3343 17.1841
v  -22.7617 6.3483 17.1836
v  -22.7474 6.3242 17.1763
v  -22.7522 6.3343 17.1722
v  -21.9175 6.3422 16.1774
v  -21.9169 6.3483 16.1767
v  -21.9063 6.3378 16.1739
v  -21.9052 6.3483 16.1727
v  -21.8944 6.3351 16.1762
v  -21.8817 6.3343 16.1842
v  -21.9193 6.3378 16.1796
v  -21.9093 6.3302 16.1776
v  -21.8982 6.3257 16.1807
v  -21.8858 6.3242 16.1890
v  -21.9144 6.3257 16.1836
v  -21.9045 6.3200 16.1883
v  -21.9215 6.3242 16.1921
v  -20.8869 6.3422 17.0189
v  -20.8834 6.3378 17.0301
v  -20.8822 6.3483 17.0311
v  -20.8857 6.3351 17.0420
v  -20.8842 6.3483 17.0433
v  -20.8937 6.3343 17.0546
v  -20.8891 6.3378 17.0171
v  -20.8871 6.3302 17.0271
v  -20.8902 6.3257 17.0382
v  -20.8985 6.3242 17.0506
v  -20.8931 6.3257 17.0220
v  -20.8978 6.3200 17.0318
v  -20.9016 6.3242 17.0148
v  -21.7373 6.3182 18.0323
v  -21.7327 6.3242 18.0422
v  -21.7243 6.3242 18.0347
v  -21.7299 6.3343 18.0482
v  -21.7195 6.3343 18.0388
v  -21.7290 6.3483 18.0501
v  -21.7424 6.3182 18.0341
v  -21.7414 6.3242 18.0452
v  -21.7408 6.3343 18.0519
v  -21.7406 6.3483 18.0542
v  -21.7505 6.3242 18.0438
v  -21.7522 6.3343 18.0501
v  -21.7601 6.3242 18.0379
v  -21.7641 6.3343 18.0427
v  -22.7533 8.8716 17.2127
v  -22.7483 8.8725 17.2169
v  -22.7527 8.8811 17.2049
v  -22.7442 8.8826 17.2120
v  -22.7481 8.8867 17.1950
v  -22.7393 8.8886 17.1831
v  -22.7568 8.8690 17.2098
v  -22.7588 8.8765 17.1998
v  -22.7557 8.8811 17.1887
v  -22.7474 8.8826 17.1763
v  -22.7625 8.8690 17.1968
v  -22.7602 8.8716 17.1848
v  -22.7637 8.8584 17.1957
v  -22.7617 8.8584 17.1836
v  -21.7236 8.8716 18.0438
v  -21.7195 8.8725 18.0388
v  -21.7315 8.8811 18.0432
v  -21.7243 8.8826 18.0347
v  -21.7413 8.8867 18.0386
v  -21.7533 8.8886 18.0298
v  -21.7266 8.8690 18.0473
v  -21.7366 8.8765 18.0493
v  -21.7477 8.8811 18.0462
v  -21.7601 8.8826 18.0379
v  -21.7396 8.8690 18.0529
v  -21.7515 8.8716 18.0507
v  -21.7406 8.8584 18.0542
v  -20.8926 8.8716 17.0141
v  -20.8976 8.8725 17.0100
v  -20.8931 8.8811 17.0220
v  -20.9016 8.8826 17.0148
v  -20.8978 8.8867 17.0318
v  -20.9066 8.8886 17.0438
v  -20.8891 8.8690 17.0171
v  -20.8871 8.8765 17.0271
v  -20.8902 8.8811 17.0382
v  -20.8985 8.8826 17.0506
v  -20.8834 8.8690 17.0301
v  -20.8857 8.8716 17.0420
v  -20.8822 8.8584 17.0311
v  -20.8842 8.8584 17.0433
v  -21.9222 8.8716 16.1831
v  -21.9144 8.8811 16.1836
v  -21.9215 8.8826 16.1921
v  -21.9045 8.8867 16.1883
v  -21.9135 8.8886 16.1989
v  -21.8926 8.8886 16.1971
v  -21.9193 8.8690 16.1796
v  -21.9093 8.8765 16.1776
v  -21.8982 8.8811 16.1807
v  -21.8858 8.8826 16.1890
v  -21.9063 8.8690 16.1739
v  -21.8944 8.8716 16.1762
v  -21.9052 8.8584 16.1727
v  -22.3307 8.0187 17.5344
v  -22.3429 8.0194 17.5302
v  -22.3330 8.0264 17.5240
v  -22.3503 8.0207 17.5276
v  -22.3378 8.0365 17.5200
v  -22.3527 8.0224 17.5268
v  -22.3361 8.0174 17.5359
v  -22.3522 8.0144 17.5328
v  -22.3618 8.0094 17.5309
v  -22.3651 8.0023 17.5302
v  -22.3607 8.0114 17.5318
v  -22.3726 8.0026 17.5296
v  -22.3687 8.0104 17.5272
v  -22.3825 8.0003 17.5239
v  -21.5071 8.0082 16.4985
v  -21.5078 8.0144 16.4979
v  -21.5026 8.0239 16.5106
v  -21.5038 8.0345 16.5096
v  -21.5042 8.0334 16.5230
v  -21.5120 8.0365 16.5358
v  -21.5050 8.0038 16.5003
v  -21.4990 8.0164 16.5136
v  -21.4997 8.0239 16.5268
v  -21.5072 8.0264 16.5399
v  -21.4929 8.0119 16.5187
v  -21.4921 8.0183 16.5332
v  -21.4844 8.0104 16.5259
v  -21.4815 8.0164 16.5421
v  -22.1388 8.0082 17.7284
v  -22.1381 8.0144 17.7290
v  -22.1433 8.0239 17.7163
v  -22.1421 8.0345 17.7173
v  -22.1417 8.0334 17.7039
v  -22.1339 8.0365 17.6911
v  -22.1409 8.0038 17.7266
v  -22.1469 8.0164 17.7132
v  -22.1462 8.0239 17.7001
v  -22.1387 8.0264 17.6870
v  -22.1530 8.0119 17.7081
v  -22.1538 8.0183 17.6937
v  -22.1615 8.0104 17.7010
v  -21.3152 8.0187 16.6925
v  -21.3030 8.0194 16.6967
v  -21.3129 8.0264 16.7028
v  -21.2956 8.0207 16.6993
v  -21.3081 8.0365 16.7069
v  -21.2932 8.0224 16.7001
v  -21.3098 8.0174 16.6910
v  -21.2937 8.0144 16.6941
v  -21.2841 8.0094 16.6960
v  -21.2808 8.0023 16.6967
v  -21.2851 8.0114 16.6951
v  -21.2733 8.0026 16.6973
v  -21.2772 8.0104 16.6997
v  -21.2708 8.8646 16.6968
v  -21.2824 8.8690 16.6953
v  -21.2837 8.8584 16.6943
v  -21.2938 8.8716 16.6996
v  -21.2953 8.8584 16.6983
v  -21.3048 8.8725 16.7096
v  -21.2687 8.8690 16.6986
v  -21.2788 8.8765 16.6984
v  -21.2892 8.8811 16.7034
v  -21.3000 8.8826 16.7137
v  -21.2727 8.8811 16.7035
v  -21.2817 8.8867 16.7098
v  -21.2642 8.8826 16.7106
v  -22.1211 8.8886 17.7102
v  -22.1317 8.8826 17.7074
v  -22.1258 8.8826 17.6979
v  -22.1380 8.8725 17.7057
v  -22.1306 8.8725 17.6938
v  -22.1220 8.8886 17.7156
v  -22.1332 8.8826 17.7165
v  -22.1399 8.8725 17.7171
v  -22.1421 8.8584 17.7173
v  -22.1301 8.8826 17.7253
v  -22.1361 8.8725 17.7280
v  -22.1381 8.8584 17.7290
v  -22.1227 8.8826 17.7336
v  -22.3751 8.8646 17.5301
v  -22.3634 8.8690 17.5316
v  -22.3622 8.8584 17.5326
v  -22.3521 8.8716 17.5273
v  -22.3506 8.8584 17.5286
v  -22.3411 8.8725 17.5172
v  -22.3772 8.8690 17.5283
v  -22.3671 8.8765 17.5285
v  -22.3567 8.8811 17.5235
v  -22.3459 8.8826 17.5132
v  -22.3732 8.8811 17.5234
v  -22.3642 8.8867 17.5171
v  -22.3817 8.8826 17.5163
v  -21.5247 8.8886 16.5166
v  -21.5142 8.8826 16.5195
v  -21.5201 8.8826 16.5290
v  -21.5079 8.8725 16.5212
v  -21.5153 8.8725 16.5331
v  -21.5239 8.8886 16.5113
v  -21.5127 8.8826 16.5103
v  -21.5060 8.8725 16.5098
v  -21.5038 8.8584 16.5096
v  -21.5158 8.8826 16.5016
v  -21.5098 8.8725 16.4988
v  -21.5078 8.8584 16.4979
v  -21.5232 8.8826 16.4933
v  -21.2396 8.0182 17.4403
v  -21.2210 8.0174 17.4344
v  -21.2136 8.0104 17.4261
v  -21.2099 8.0161 17.4308
v  -21.2006 8.0003 17.4205
v  -21.2445 8.0194 17.4423
v  -21.2294 8.0224 17.4377
v  -21.2204 8.0275 17.4349
v  -21.2174 8.0345 17.4340
v  -21.2389 8.0254 17.4360
v  -21.2322 8.0342 17.4328
v  -21.2299 8.0466 17.4317
v  -21.2494 8.0264 17.4292
v  -22.2390 8.0286 16.5874
v  -22.2381 8.0224 16.5858
v  -22.2465 8.0129 16.5801
v  -22.2421 8.0023 16.5742
v  -22.2504 8.0034 16.5751
v  -22.2508 8.0003 16.5724
v  -22.2380 8.0330 16.5900
v  -22.2466 8.0204 16.5869
v  -22.2539 8.0129 16.5877
v  -22.2599 8.0104 16.5923
v  -22.2423 8.0249 16.5947
v  -22.2505 8.0185 16.5998
v  -22.2335 8.0264 16.6034
v  -22.2403 8.0204 16.6115
v  -21.8287 8.0444 16.9094
v  -21.8290 8.0506 16.9070
v  -21.8368 8.0400 16.9179
v  -21.8407 8.0506 16.9110
v  -21.8424 8.0374 16.9225
v  -21.8296 8.0400 16.9126
v  -21.8361 8.0325 16.9253
v  -21.8374 8.0280 16.9351
v  -21.8335 8.0264 16.9420
v  -21.8385 8.0280 16.9330
v  -21.8380 8.0223 16.9468
v  -21.8303 8.0204 16.9578
v  -21.8440 8.0264 16.9413
v  -21.6522 8.0204 17.1038
v  -21.6479 8.0204 17.1086
v  -21.6324 8.0264 17.1058
v  -21.6249 8.0264 17.1141
v  -21.6205 8.0365 17.1070
v  -21.6165 8.0506 17.1074
v  -21.6540 8.0204 17.0987
v  -21.6354 8.0264 17.0970
v  -21.6242 8.0365 17.0961
v  -21.6205 8.0506 17.0957
v  -21.6339 8.0264 17.0879
v  -21.6224 8.0365 17.0846
v  -21.6280 8.0264 17.0784
v  -21.6150 8.0365 17.0727
v  -21.4020 8.0187 17.6212
v  -21.4056 8.0204 17.6154
v  -21.4062 8.0194 17.6334
v  -21.4123 8.0264 17.6235
v  -21.4088 8.0207 17.6408
v  -21.4096 8.0224 17.6432
v  -21.4005 8.0174 17.6266
v  -21.4036 8.0144 17.6427
v  -21.4055 8.0094 17.6523
v  -21.4062 8.0023 17.6556
v  -21.4046 8.0114 17.6512
v  -21.4068 8.0026 17.6631
v  -21.4092 8.0104 17.6592
v  -21.4125 8.0003 17.6730
v  -22.4379 8.0082 16.7976
v  -22.4258 8.0239 16.7931
v  -22.4268 8.0345 16.7943
v  -22.4134 8.0334 16.7947
v  -22.4146 8.0466 16.7962
v  -22.4006 8.0365 16.8025
v  -22.4361 8.0038 16.7955
v  -22.4227 8.0164 16.7894
v  -22.4096 8.0239 16.7902
v  -22.3965 8.0264 16.7976
v  -22.4176 8.0119 16.7834
v  -22.4032 8.0183 16.7826
v  -22.4105 8.0104 16.7749
v  -21.9936 8.0204 17.1231
v  -22.0135 8.0264 17.1211
v  -22.0210 8.0264 17.1128
v  -22.0254 8.0365 17.1199
v  -22.0348 8.0365 17.1095
v  -22.0294 8.0506 17.1195
v  -21.9919 8.0204 17.1282
v  -22.0105 8.0264 17.1298
v  -22.0217 8.0365 17.1308
v  -22.0254 8.0506 17.1311
v  -22.0119 8.0264 17.1390
v  -22.0235 8.0365 17.1422
v  -22.0179 8.0264 17.1485
v  -22.0309 8.0365 17.1541
v  -21.8172 8.0444 17.3174
v  -21.8169 8.0506 17.3199
v  -21.8091 8.0400 17.3089
v  -21.8052 8.0506 17.3159
v  -21.8035 8.0374 17.3044
v  -21.8163 8.0400 17.3143
v  -21.8098 8.0325 17.3016
v  -21.8085 8.0280 17.2918
v  -21.8124 8.0264 17.2849
v  -21.8074 8.0280 17.2938
v  -21.8079 8.0223 17.2800
v  -21.8156 8.0204 17.2691
v  -21.8019 8.0264 17.2856
v  -21.4063 8.8646 17.6656
v  -21.4048 8.8690 17.6539
v  -21.4038 8.8584 17.6527
v  -21.4091 8.8716 17.6426
v  -21.4078 8.8584 17.6411
v  -21.4191 8.8725 17.6316
v  -21.4081 8.8690 17.6677
v  -21.4079 8.8765 17.6576
v  -21.4129 8.8811 17.6471
v  -21.4232 8.8826 17.6364
v  -21.4130 8.8811 17.6636
v  -21.4193 8.8867 17.6547
v  -21.4201 8.8826 17.6721
v  -22.4197 8.8886 16.8152
v  -22.4142 8.8886 16.8187
v  -22.4169 8.8826 16.8047
v  -22.4074 8.8826 16.8106
v  -22.4152 8.8725 16.7983
v  -22.4146 8.8584 16.7962
v  -22.4251 8.8886 16.8144
v  -22.4260 8.8826 16.8032
v  -22.4266 8.8725 16.7965
v  -22.4268 8.8584 16.7943
v  -22.4348 8.8826 16.8062
v  -22.4375 8.8725 16.8003
v  -22.4431 8.8826 16.8137
v  -21.7982 8.8886 17.3368
v  -21.7953 8.8826 17.3263
v  -21.7858 8.8826 17.3322
v  -21.7936 8.8725 17.3199
v  -21.7817 8.8725 17.3273
v  -21.8035 8.8886 17.3360
v  -21.8045 8.8826 17.3248
v  -21.8050 8.8725 17.3181
v  -21.8052 8.8584 17.3159
v  -21.8132 8.8826 17.3278
v  -21.8160 8.8725 17.3219
v  -21.8169 8.8584 17.3199
v  -21.8215 8.8826 17.3353
v  -21.8264 8.8725 17.3312
v  -22.0279 8.8646 17.1440
v  -22.0264 8.8690 17.1324
v  -22.0254 8.8584 17.1311
v  -22.0307 8.8716 17.1210
v  -22.0294 8.8584 17.1195
v  -22.0297 8.8690 17.1461
v  -22.0295 8.8765 17.1360
v  -22.0345 8.8811 17.1256
v  -22.0448 8.8826 17.1148
v  -22.0345 8.8811 17.1421
v  -22.0409 8.8867 17.1332
v  -22.0516 8.8886 17.1229
v  -22.0417 8.8826 17.1506
v  -22.2396 8.8646 16.5613
v  -22.2411 8.8690 16.5729
v  -22.2421 8.8584 16.5742
v  -22.2368 8.8716 16.5843
v  -22.2381 8.8584 16.5858
v  -22.2267 8.8725 16.5953
v  -22.2378 8.8690 16.5592
v  -22.2380 8.8765 16.5693
v  -22.2330 8.8811 16.5797
v  -22.2227 8.8826 16.5905
v  -22.2329 8.8811 16.5632
v  -22.2266 8.8867 16.5721
v  -22.2258 8.8826 16.5547
v  -22.2177 8.8886 16.5615
v  -21.2262 8.8886 17.4116
v  -21.2290 8.8826 17.4222
v  -21.2385 8.8826 17.4163
v  -21.2307 8.8725 17.4285
v  -21.2426 8.8725 17.4211
v  -21.2312 8.8584 17.4306
v  -21.2209 8.8886 17.4125
v  -21.2199 8.8826 17.4236
v  -21.2193 8.8725 17.4303
v  -21.2191 8.8584 17.4326
v  -21.2111 8.8826 17.4206
v  -21.2084 8.8725 17.4266
v  -21.2028 8.8826 17.4132
v  -21.6180 8.8646 17.0829
v  -21.6195 8.8690 17.0945
v  -21.6205 8.8584 17.0957
v  -21.6152 8.8716 17.1059
v  -21.6165 8.8584 17.1074
v  -21.6052 8.8725 17.1169
v  -21.6162 8.8690 17.0807
v  -21.6164 8.8765 17.0909
v  -21.6114 8.8811 17.1013
v  -21.6011 8.8826 17.1120
v  -21.6113 8.8811 17.0848
v  -21.6050 8.8867 17.0937
v  -21.6042 8.8826 17.0763
v  -21.8477 8.8886 16.8901
v  -21.8506 8.8826 16.9006
v  -21.8601 8.8826 16.8947
v  -21.8523 8.8725 16.9070
v  -21.8642 8.8725 16.8996
v  -21.8424 8.8886 16.8909
v  -21.8414 8.8826 16.9021
v  -21.8409 8.8725 16.9088
v  -21.8407 8.8584 16.9110
v  -21.8327 8.8826 16.8991
v  -21.8299 8.8725 16.9050
v  -21.8290 8.8584 16.9070
v  -21.8244 8.8826 16.8916
v  -21.8195 8.8725 16.8957
# 672 vertices

vn -0.0806 -0.9967 0.0071
vn 0.0071 -0.9967 0.0806
vn 0.0993 -0.9950 -0.0087
vn -0.0087 -0.9950 -0.0993
vn -0.0806 0.9967 0.0070
vn -0.0071 0.9967 -0.0806
vn 0.0993 0.9950 -0.0087
vn 0.0087 0.9950 0.0993
vn -0.0993 0.9950 0.0087
vn 0.7169 0.0705 0.6936
vn 0.8003 0.0573 0.5968
vn 0.8036 0.0792 0.5898
vn 0.6370 0.0463 0.7695
vn -0.7170 0.0704 -0.6935
vn -0.8075 0.0705 -0.5856
vn -0.8130 0.0647 -0.5787
vn -0.7300 0.0907 -0.6774
vn -0.0087 0.9950 -0.0994
vn 0.0071 0.9967 0.0807
vn 0.0807 0.9967 -0.0071
vn 0.0071 0.9967 0.0806
vn -0.0087 0.9950 -0.0993
vn 0.7170 0.0704 0.6935
vn 0.8075 0.0705 0.5856
vn 0.8129 0.0647 0.5787
vn 0.7300 0.0906 0.6774
vn -0.7169 0.0705 -0.6936
vn -0.8003 0.0572 -0.5969
vn -0.8036 0.0794 -0.5899
vn -0.6370 0.0463 -0.7695
vn -0.5856 0.0705 0.8075
vn -0.5850 0.0653 0.8084
vn -0.6889 0.0793 0.7205
vn -0.6935 0.0704 0.7170
vn 0.5856 0.0705 -0.8075
vn 0.5998 0.1462 -0.7867
vn 0.7695 0.0463 -0.6370
vn 0.6936 0.0705 -0.7169
vn -0.5856 0.0704 0.8075
vn -0.5998 0.1462 0.7866
vn -0.7054 0.0609 0.7062
vn 0.6890 0.0792 -0.7204
vn 0.5856 0.0706 -0.8075
vn 0.5787 0.0646 -0.8130
vn -0.5200 0.7068 -0.4796
vn -0.6936 0.0704 0.7169
vn -0.5856 -0.0704 0.8075
vn -0.6935 -0.0704 0.7170
vn -0.6845 0.0572 0.7268
vn -0.5969 0.0572 0.8003
vn 0.5278 0.7192 0.4519
vn 0.5202 0.7066 0.4797
vn 0.6935 0.0704 -0.7170
vn 0.5856 -0.0705 -0.8075
vn 0.6845 -0.0572 -0.7268
vn 0.6845 0.0572 -0.7268
vn 0.5968 0.0573 -0.8004
vn -0.5279 0.7191 -0.4519
vn 0.0967 0.0114 0.9952
vn 0.1005 0.9948 -0.0191
vn 0.0206 0.9947 -0.1012
vn -0.9956 -0.0332 0.0871
vn 0.0270 0.9944 0.1022
vn 0.1012 0.9947 0.0206
vn -0.0967 0.0113 -0.9952
vn -0.1005 0.9948 0.0191
vn -0.0206 0.9947 0.1012
vn 0.9956 -0.0332 -0.0871
vn -0.0191 0.9948 -0.1005
vn -0.0973 0.9953 0.0035
vn -0.7267 0.0572 -0.6846
vn -0.8003 0.0573 -0.5968
vn -0.4200 0.6980 0.5800
vn 0.4796 0.7068 -0.5200
vn -0.8076 0.0705 -0.5855
vn -0.8076 -0.0705 -0.5856
vn -0.7267 -0.0572 -0.6846
vn 0.7268 0.0572 0.6845
vn 0.8003 0.0572 0.5968
vn 0.4519 0.7191 -0.5279
vn -0.4905 0.7108 0.5041
vn 0.8075 -0.0705 0.5856
vn 0.7169 -0.0704 0.6936
vn -0.2783 -0.9392 -0.2009
vn -0.3254 -0.9374 -0.1244
vn -0.7034 -0.3424 -0.6229
vn -0.6449 -0.3293 -0.6897
vn 0.6228 -0.3423 -0.7035
vn 0.6897 -0.3293 -0.6449
vn -0.2009 -0.9393 0.2782
vn -0.1245 -0.9374 0.3254
vn -0.8659 0.0250 0.4995
vn -0.8547 0.1138 0.5066
vn 0.4995 0.0249 0.8660
vn 0.5064 0.1137 0.8548
vn 0.8659 0.0251 -0.4996
vn 0.8547 0.1138 -0.5064
vn -0.4994 0.0250 -0.8660
vn -0.5064 0.1137 -0.8548
vn 0.1470 0.5194 -0.8418
vn 0.1195 -0.4993 -0.8581
vn 0.6357 0.2843 -0.7177
vn 0.6859 0.1984 -0.7001
vn -0.6357 0.2843 0.7177
vn -0.6859 0.1984 0.7002
vn -0.1473 0.5191 0.8419
vn -0.1196 -0.4997 0.8579
vn 0.5847 0.3424 -0.7355
vn 0.5152 0.3293 -0.7913
vn -0.2392 0.9392 0.2462
vn -0.2988 0.9373 0.1791
vn -0.5846 0.3422 0.7356
vn -0.5154 0.3292 0.7912
vn 0.2392 0.9392 -0.2463
vn 0.2990 0.9373 -0.1791
vn -0.1816 0.9440 0.2755
vn -0.0625 0.9130 0.4031
vn -0.6373 0.3277 0.6975
vn -0.7499 0.3490 0.5621
vn 0.6673 -0.7447 0.0039
vn -0.1835 -0.7112 -0.6786
vn -0.2343 0.9584 -0.1631
vn -0.2006 0.9772 -0.0699
vn -0.8417 0.5196 -0.1470
vn -0.8582 -0.4993 -0.1193
vn -0.7182 0.2895 -0.6327
vn -0.7001 0.1987 -0.6858
vn 0.2343 0.9584 0.1631
vn 0.2006 0.9772 0.0699
vn -0.6669 -0.7452 -0.0040
vn 0.1843 -0.7109 0.6787
vn 0.7355 0.3422 0.5847
vn 0.7912 0.3292 0.5153
vn -0.2462 0.9392 -0.2392
vn -0.1791 0.9373 -0.2988
vn -0.2462 0.9393 -0.2391
vn -0.1792 0.9373 -0.2989
vn 0.7355 0.3423 0.5847
vn 0.7912 0.3293 0.5153
vn -0.7354 0.3424 -0.5847
vn -0.7911 0.3294 -0.5154
vn 0.2459 0.9391 0.2398
vn 0.1783 0.9374 0.2993
vn -0.7354 0.3423 -0.5848
vn -0.7911 0.3292 -0.5155
vn 0.2462 0.9392 0.2391
vn 0.1791 0.9373 0.2989
vn 0.2462 -0.9393 0.2391
vn 0.3027 -0.9396 0.1596
vn -0.2391 -0.9393 0.2462
vn -0.8602 -0.0723 0.5048
vn 0.8659 -0.0251 -0.4996
vn -0.2763 0.9302 0.2415
vn -0.9564 0.0001 0.2920
vn -0.3162 0.9403 -0.1258
vn 0.2009 0.9392 -0.2783
vn 0.2705 0.9396 -0.2098
vn -0.2783 0.9392 -0.2010
vn -0.1620 0.9412 0.2964
vn -0.2638 0.9412 0.2110
vn 0.2964 0.9412 0.1620
vn 0.2098 0.9396 0.2704
vn 0.9395 0.0249 0.3416
vn 0.9280 0.1068 0.3570
vn -0.9348 0.0724 -0.3476
vn -0.9457 0.0564 -0.3201
vn -0.6784 0.3312 -0.6558
vn -0.7662 0.3346 -0.5486
vn -0.5511 0.0256 -0.8340
vn -0.5047 0.0722 -0.8603
vn 0.6778 0.3311 0.6564
vn 0.7663 0.3345 0.5486
vn 0.4682 -0.1282 0.8743
vn 0.5047 0.0739 0.8602
vn 0.1620 0.9412 -0.2964
vn 0.2638 0.9412 -0.2110
vn -0.2964 0.9412 -0.1620
vn -0.2098 0.9396 -0.2705
vn -0.2010 0.9392 0.2783
vn -0.2704 0.9396 0.2098
vn 0.2782 0.9393 0.2010
vn 0.9347 0.0724 0.3479
vn 0.9456 0.0564 0.3203
vn -0.9395 0.0249 -0.3416
vn -0.9280 0.1069 -0.3569
vn -0.5395 0.3272 0.7758
vn -0.6411 0.3627 0.6763
vn 0.3479 0.6759 -0.6497
vn 0.8064 0.2788 -0.5215
vn 0.3478 0.0724 -0.9348
vn 0.3815 0.2519 -0.8894
vn -0.3480 0.6758 0.6498
vn -0.3478 0.0723 0.9348
vn -0.3815 0.2520 0.8893
vn 0.6594 0.3345 -0.6733
vn 0.5542 0.3312 -0.7637
vn -0.2110 -0.9412 -0.2638
vn 0.2638 -0.9412 -0.2110
vn 0.1596 -0.9396 -0.3028
vn -0.6559 0.3311 0.6784
vn -0.5487 0.3344 0.7663
vn -0.3515 0.0664 0.9338
vn -0.3478 -0.0722 0.9348
vn -0.3415 0.0244 0.9396
vn 0.5155 -0.7770 0.3613
vn 0.6559 0.3311 -0.6783
vn 0.5485 0.3346 -0.7663
vn 0.3513 0.0665 -0.9339
vn 0.3513 -0.0665 -0.9339
vn 0.6479 0.5427 0.5346
vn 0.3414 0.0245 -0.9396
vn -0.5159 -0.7768 -0.3611
vn -0.2413 0.9310 -0.2740
vn -0.3084 0.9340 -0.1803
vn 0.2024 0.9584 -0.2012
vn 0.1258 0.9403 -0.3162
vn 0.3397 -0.1864 0.9219
vn 0.9564 0.0001 -0.2920
vn 0.3162 0.9403 0.1258
vn -0.1254 0.9309 -0.3430
vn 0.1254 0.9309 0.3430
vn 0.2110 0.9412 0.2638
vn -0.9396 0.0249 -0.3414
vn 0.0153 0.9933 -0.1150
vn -0.7034 0.3424 -0.6229
vn 0.9396 0.0244 0.3414
vn 0.3614 -0.7768 -0.5157
vn -0.2009 0.9392 0.2783
vn -0.2705 0.9396 0.2098
vn -0.2989 -0.9373 0.1791
vn -0.6139 -0.7013 0.3624
vn -0.4962 -0.7008 0.5124
vn -0.8130 -0.3349 0.4763
vn -0.6559 -0.3310 0.6784
vn -0.3433 -0.9387 0.0301
vn -0.7046 -0.7069 0.0617
vn -0.9365 -0.3409 0.0819
vn -0.9934 -0.0743 0.0870
vn -0.6675 -0.7013 -0.2503
vn -0.8834 -0.3348 -0.3279
vn -0.9348 -0.0723 -0.3477
vn -0.5775 -0.7009 -0.4185
vn -0.7637 -0.3312 -0.5541
vn -0.5064 -0.1137 -0.8548
vn -0.4994 -0.0250 -0.8660
vn -0.1051 -0.2374 -0.9657
vn -0.0796 -0.0507 -0.9955
vn 0.3139 -0.3167 -0.8951
vn 0.5485 -0.3346 -0.7663
vn -0.5624 -0.2437 -0.7901
vn -0.2200 -0.5001 -0.8376
vn 0.1662 -0.6648 -0.7283
vn 0.3964 -0.7052 -0.5879
vn -0.3846 -0.6723 -0.6326
vn -0.0530 -0.8875 -0.4578
vn -0.5043 -0.7115 -0.4893
vn 0.8547 -0.1138 -0.5064
vn 0.9657 -0.2373 -0.1050
vn 0.9955 -0.0508 -0.0796
vn 0.8951 -0.3166 0.3140
vn 0.9339 -0.0664 0.3514
vn 0.7663 -0.3345 0.5486
vn 0.7901 -0.2435 -0.5625
vn 0.8376 -0.5001 -0.2200
vn 0.7283 -0.6648 0.1663
vn 0.5880 -0.7051 0.3964
vn 0.6325 -0.6723 -0.3846
vn 0.4578 -0.8875 -0.0529
vn 0.4894 -0.7114 -0.5044
vn 0.1791 -0.9373 0.2988
vn 0.3624 -0.7012 0.6139
vn 0.5124 -0.7009 0.4961
vn 0.4763 -0.3348 0.8130
vn 0.6783 -0.3311 0.6559
vn 0.5048 -0.0723 0.8602
vn 0.0300 -0.9387 0.3434
vn 0.0616 -0.7068 0.7047
vn 0.0820 -0.3408 0.9365
vn 0.0868 -0.0743 0.9934
vn -0.2503 -0.7013 0.6675
vn -0.3279 -0.3348 0.8834
vn -0.4185 -0.7008 0.5777
vn -0.5542 -0.3310 0.7637
vn -0.6897 0.3292 0.6450
vn -0.6229 0.3422 0.7035
vn -0.6326 0.6723 0.3847
vn -0.4893 0.7114 0.5044
vn -0.4578 0.8875 0.0530
vn -0.3028 0.9396 -0.1596
vn -0.7900 0.2437 0.5626
vn -0.8375 0.5001 0.2201
vn -0.7283 0.6648 -0.1662
vn -0.5879 0.7052 -0.3964
vn -0.9657 0.2373 0.1051
vn -0.8951 0.3167 -0.3140
vn -0.9955 0.0506 0.0797
vn -0.9339 0.0664 -0.3513
vn 0.6449 0.3292 0.6897
vn 0.7034 0.3423 0.6229
vn 0.3847 0.6723 0.6325
vn 0.5044 0.7115 0.4892
vn 0.0530 0.8875 0.4578
vn -0.1596 0.9396 0.3028
vn 0.5625 0.2437 0.7901
vn 0.2200 0.5000 0.8376
vn -0.1661 0.6648 0.7283
vn -0.3964 0.7051 0.5880
vn 0.1052 0.2373 0.9657
vn -0.3139 0.3166 0.8951
vn 0.0795 0.0508 0.9955
vn 0.6897 0.3293 -0.6449
vn 0.6228 0.3423 -0.7035
vn 0.6324 0.6724 -0.3846
vn 0.4894 0.7114 -0.5044
vn 0.4578 0.8875 -0.0530
vn 0.3028 0.9396 0.1596
vn 0.7901 0.2435 -0.5625
vn 0.8376 0.5001 -0.2200
vn 0.7283 0.6648 0.1662
vn 0.5880 0.7051 0.3964
vn 0.9657 0.2373 -0.1050
vn 0.8951 0.3167 0.3140
vn 0.9955 0.0508 -0.0796
vn 0.9339 0.0664 0.3514
vn -0.6449 0.3293 -0.6897
vn -0.3846 0.6723 -0.6325
vn -0.5044 0.7115 -0.4893
vn -0.0530 0.8875 -0.4578
vn -0.2110 0.9412 -0.2638
vn 0.1596 0.9396 -0.3028
vn -0.5624 0.2437 -0.7902
vn -0.2200 0.5001 -0.8376
vn 0.1662 0.6648 -0.7283
vn 0.3964 0.7051 -0.5879
vn -0.1051 0.2374 -0.9657
vn 0.3139 0.3167 -0.8951
vn -0.0796 0.0507 -0.9955
vn -0.0949 0.9220 0.3754
vn -0.1579 0.7021 0.6943
vn 0.3207 0.6604 0.6790
vn -0.1287 0.4315 0.8929
vn 0.5227 0.2789 0.8056
vn 0.0937 0.1470 0.9847
vn -0.2061 0.8462 0.4914
vn -0.4073 0.7426 0.5317
vn -0.7327 0.6796 -0.0363
vn -0.5951 0.8027 -0.0378
vn 0.2679 -0.4622 -0.8453
vn 0.3675 -0.2273 -0.9018
vn -0.2274 0.7314 -0.6430
vn -0.6482 0.5426 -0.5343
vn 0.7803 0.0752 -0.6209
vn 0.8339 0.0256 -0.5513
vn 0.9349 0.1817 -0.3048
vn 0.9878 0.0481 -0.1479
vn 0.9419 0.2793 0.1864
vn 0.7890 0.3231 0.5226
vn 0.7315 0.1300 -0.6693
vn 0.8259 0.3467 -0.4447
vn 0.7989 0.6013 -0.0167
vn 0.6182 0.7015 0.3546
vn 0.6756 0.5202 -0.5225
vn 0.5114 0.8413 -0.1749
vn 0.5179 0.6615 -0.5424
vn 0.2763 0.9302 -0.2415
vn -0.7801 0.0755 0.6211
vn -0.8339 0.0257 0.5514
vn -0.9348 0.1819 0.3052
vn -0.9878 0.0482 0.1482
vn -0.9420 0.2794 -0.1862
vn -0.7890 0.3231 -0.5225
vn -0.7314 0.1302 0.6694
vn -0.8258 0.3468 0.4448
vn -0.7989 0.6012 0.0167
vn -0.6182 0.7015 -0.3546
vn -0.6757 0.5200 0.5225
vn -0.5115 0.8413 0.1749
vn -0.5179 0.6615 0.5423
vn 0.0950 0.9220 -0.3755
vn 0.1579 0.7021 -0.6943
vn -0.3207 0.6604 -0.6790
vn 0.1288 0.4315 -0.8929
vn -0.5226 0.2790 -0.8056
vn -0.0935 0.1471 -0.9847
vn 0.2061 0.8463 -0.4913
vn 0.4072 0.7430 -0.5311
vn 0.7324 0.6799 0.0370
vn 0.5962 0.8020 0.0374
vn -0.2676 -0.4619 0.8456
vn -0.3676 -0.2274 0.9018
vn 0.2273 0.7314 0.6430
vn 0.3502 0.1139 -0.9297
vn -0.0643 0.2375 -0.9693
vn -0.0948 0.0493 -0.9943
vn -0.4646 0.3166 -0.8270
vn -0.5083 0.0650 -0.8587
vn -0.6733 0.3345 -0.6594
vn 0.4165 0.2436 -0.8759
vn 0.0713 0.5001 -0.8630
vn -0.2901 0.6648 -0.6884
vn -0.4925 0.7051 -0.5102
vn 0.2688 0.6723 -0.6897
vn -0.0273 0.8875 -0.4600
vn 0.4117 0.7115 -0.5695
vn -0.3255 0.9373 -0.1245
vn -0.6676 0.7011 -0.2503
vn -0.5776 0.7009 -0.4185
vn -0.8834 0.3349 -0.3279
vn -0.7638 0.3312 -0.5541
vn -0.3434 0.9387 0.0302
vn -0.7047 0.7069 0.0617
vn -0.9366 0.3408 0.0818
vn -0.9934 0.0742 0.0870
vn -0.6139 0.7013 0.3624
vn -0.8130 0.3348 0.4763
vn -0.8602 0.0722 0.5048
vn -0.4962 0.7009 0.5125
vn -0.3504 0.1137 0.9297
vn 0.0643 0.2374 0.9693
vn 0.0947 0.0492 0.9943
vn 0.4646 0.3167 0.8269
vn 0.5083 0.0650 0.8587
vn 0.6733 0.3346 0.6594
vn -0.4168 0.2437 0.8757
vn -0.0713 0.5001 0.8630
vn 0.2902 0.6648 0.6884
vn 0.4925 0.7052 0.5101
vn -0.2689 0.6722 0.6898
vn 0.0273 0.8875 0.4600
vn -0.4118 0.7114 0.5695
vn 0.3255 0.9373 0.1245
vn 0.6676 0.7012 0.2502
vn 0.5776 0.7009 0.4185
vn 0.8833 0.3349 0.3279
vn 0.7637 0.3311 0.5541
vn 0.3434 0.9387 -0.0300
vn 0.7046 0.7069 -0.0617
vn 0.9365 0.3410 -0.0818
vn 0.9934 0.0744 -0.0869
vn 0.6140 0.7012 -0.3623
vn 0.8130 0.3350 -0.4763
vn 0.8601 0.0724 -0.5049
vn 0.4962 0.7009 -0.5124
vn 0.2224 -0.6340 0.7406
vn 0.2548 -0.3951 0.8826
vn 0.1033 -0.3462 0.9325
vn 0.2302 -0.2602 0.9377
vn -0.5780 -0.1138 0.8080
vn 0.1999 0.3339 0.9212
vn 0.1905 0.1963 0.9619
vn 0.1959 0.0840 0.9770
vn 0.1713 0.0435 0.9843
vn -0.1481 0.6121 0.7768
vn -0.2435 0.2708 0.9313
vn -0.3341 0.0586 0.9407
vn -0.3943 0.7068 0.5874
vn -0.0939 0.4245 -0.9006
vn -0.5325 0.4893 -0.6906
vn -0.3388 0.5119 -0.7894
vn -0.2934 0.6503 -0.7007
vn -0.4375 0.5678 -0.6972
vn -0.6263 0.3697 -0.6863
vn -0.7867 0.5748 -0.2252
vn -0.7143 0.6113 -0.3407
vn -0.6538 0.6194 -0.4347
vn -0.6180 0.6400 -0.4565
vn -0.6909 0.6889 0.2190
vn -0.4926 0.8683 -0.0584
vn -0.5138 0.7031 0.4917
vn -0.2767 0.9409 0.1950
vn 0.5987 0.3412 0.7247
vn 0.5070 0.1724 0.8445
vn 0.3298 0.6230 0.7093
vn 0.0642 0.2936 0.9538
vn 0.0225 0.7554 0.6548
vn 0.4780 0.5753 0.6637
vn 0.4949 0.7132 0.4964
vn 0.8636 0.5041 -0.0105
vn 0.9322 0.2475 0.2641
vn -0.1734 -0.8162 -0.5511
vn 0.0021 -0.9300 -0.3675
vn -0.9983 -0.0391 -0.0444
vn 0.9346 -0.3551 0.0204
vn -0.1854 0.9772 0.1037
vn -0.2024 0.9584 0.2011
vn -0.4736 0.8345 0.2816
vn -0.4621 0.7483 0.4759
vn -0.7548 0.4628 0.4648
vn -0.8519 0.1069 0.5127
vn -0.1833 0.9829 0.0161
vn -0.4885 0.8715 0.0427
vn -0.8470 0.5263 0.0741
vn -0.9883 0.1257 0.0864
vn -0.5153 0.8345 -0.1951
vn -0.8241 0.4628 -0.3266
vn -0.5378 0.7483 -0.3885
vn -0.7489 0.3627 -0.5547
vn 0.3755 0.9220 0.0950
vn 0.3436 0.9307 -0.1252
vn 0.6944 0.7021 0.1578
vn 0.6799 0.6600 -0.3196
vn 0.8928 0.4317 0.1290
vn 0.9847 0.1473 -0.0931
vn 0.4904 0.8468 0.2060
vn 0.5303 0.7437 0.4072
vn -0.0370 0.6798 0.7325
vn -0.0372 0.8016 0.5967
vn -0.8457 -0.4619 -0.2674
vn -0.9019 -0.2272 -0.3674
vn -0.6435 0.7312 0.2264
vn -0.5344 0.5427 0.6480
vn -0.6209 0.0754 -0.7803
vn -0.3050 0.1818 -0.9348
vn -0.1480 0.0481 -0.9878
vn 0.1863 0.2793 -0.9420
vn 0.3201 0.0564 -0.9457
vn 0.5225 0.3232 -0.7890
vn -0.6694 0.1303 -0.7313
vn -0.4448 0.3467 -0.8258
vn -0.0168 0.6012 -0.7989
vn 0.3545 0.7016 -0.6182
vn -0.5224 0.5201 -0.6757
vn -0.1749 0.8413 -0.5115
vn -0.5416 0.6663 -0.5126
vn 0.1854 0.9772 -0.1036
vn 0.4736 0.8345 -0.2816
vn 0.4621 0.7483 -0.4759
vn 0.7548 0.4628 -0.4649
vn 0.6412 0.3625 -0.6764
vn 0.8519 0.1069 -0.5127
vn 0.1833 0.9829 -0.0160
vn 0.4885 0.8715 -0.0428
vn 0.8471 0.5262 -0.0741
vn 0.9883 0.1256 -0.0865
vn 0.5152 0.8346 0.1950
vn 0.8240 0.4628 0.3267
vn 0.5377 0.7482 0.3885
vn 0.7489 0.3625 0.5547
vn -0.5986 0.3412 -0.7247
vn -0.5071 0.1723 -0.8445
vn -0.3298 0.6231 -0.7092
vn -0.0642 0.2935 -0.9538
vn -0.0226 0.7555 -0.6548
vn -0.4772 0.5760 -0.6637
vn -0.4962 0.7124 -0.4963
vn -0.8637 0.5038 0.0106
vn -0.9321 0.2470 -0.2648
vn 0.1731 -0.8163 0.5512
vn -0.0022 -0.9300 0.3674
vn 0.9982 -0.0390 0.0445
vn -0.9346 -0.3551 -0.0205
vn 0.9297 0.1138 0.3503
vn 0.9693 0.2375 -0.0642
vn 0.9943 0.0493 -0.0948
vn 0.8270 0.3167 -0.4646
vn 0.8587 0.0650 -0.5084
vn 0.8758 0.2437 0.4167
vn 0.8630 0.5001 0.0712
vn 0.6884 0.6648 -0.2901
vn 0.5102 0.7051 -0.4925
vn 0.6898 0.6723 0.2688
vn 0.4600 0.8875 -0.0274
vn 0.5695 0.7114 0.4118
vn 0.1246 0.9373 -0.3255
vn 0.2010 0.9392 -0.2782
vn 0.2504 0.7013 -0.6675
vn 0.4185 0.7009 -0.5776
vn 0.3279 0.3349 -0.8833
vn 0.3477 0.0723 -0.9348
vn -0.0301 0.9387 -0.3434
vn -0.0615 0.7068 -0.7047
vn -0.0819 0.3408 -0.9366
vn -0.0869 0.0743 -0.9934
vn -0.3624 0.7013 -0.6139
vn -0.4763 0.3348 -0.8130
vn -0.5125 0.7009 -0.4961
vn 0.1245 0.9373 -0.3254
vn 0.2502 0.7012 -0.6676
vn 0.4185 0.7008 -0.5777
vn 0.3279 0.3349 -0.8834
vn 0.5541 0.3312 -0.7638
vn -0.0300 0.9387 -0.3435
vn -0.0616 0.7069 -0.7046
vn -0.0820 0.3410 -0.9365
vn -0.3623 0.7011 -0.6141
vn -0.4763 0.3349 -0.8130
vn -0.5048 0.0724 -0.8602
vn -0.5124 0.7009 -0.4962
vn -0.6783 0.3311 -0.6560
vn 0.9942 0.0509 -0.0946
vn 0.8270 0.3166 -0.4646
vn 0.8586 0.0665 -0.5083
vn 0.8758 0.2437 0.4166
vn 0.6884 0.6648 -0.2902
vn 0.6897 0.6723 0.2688
vn 0.2704 0.9396 -0.2098
vn -0.9297 0.1138 -0.3502
vn -0.9693 0.2374 0.0643
vn -0.9942 0.0506 0.0945
vn -0.8270 0.3167 0.4646
vn -0.8587 0.0665 0.5081
vn -0.6594 0.3345 0.6733
vn -0.8758 0.2438 -0.4166
vn -0.8630 0.5002 -0.0714
vn -0.6884 0.6648 0.2900
vn -0.5102 0.7051 0.4925
vn -0.6897 0.6723 -0.2688
vn -0.4600 0.8875 0.0273
vn -0.5695 0.7115 -0.4118
vn -0.1243 0.9373 0.3256
vn -0.2501 0.7012 0.6677
vn -0.4184 0.7009 0.5777
vn -0.3277 0.3352 0.8833
vn -0.5540 0.3311 0.7638
vn -0.3477 0.0730 0.9347
vn 0.0301 0.9387 0.3435
vn 0.0613 0.7071 0.7045
vn 0.0815 0.3418 0.9362
vn 0.0869 0.0759 0.9933
vn 0.3610 0.7015 0.6145
vn 0.4752 0.3358 0.8133
vn 0.5119 0.7008 0.4969
vn -0.9297 0.1137 -0.3503
vn -0.9942 0.0506 0.0944
vn -0.8269 0.3167 0.4646
vn -0.8586 0.0665 0.5083
vn -0.8758 0.2436 -0.4167
vn -0.8630 0.5001 -0.0713
vn -0.6884 0.6648 0.2901
vn -0.6897 0.6723 -0.2689
vn -0.5694 0.7115 -0.4118
vn -0.1245 0.9373 0.3255
vn -0.2503 0.7012 0.6676
vn -0.4185 0.7009 0.5775
vn -0.3278 0.3348 0.8834
vn -0.5541 0.3312 0.7638
vn 0.0300 0.9387 0.3435
vn 0.0617 0.7069 0.7046
vn 0.0820 0.3409 0.9365
vn 0.0869 0.0743 0.9934
vn 0.3623 0.7012 0.6140
vn 0.4763 0.3349 0.8130
vn 0.5048 0.0724 0.8602
vn 0.5124 0.7009 0.4962
vn 0.6783 0.3311 0.6560
# 645 vertex normals

vt 0.9750 0.0250 0.0000
vt 0.0250 0.0250 0.0000
vt 0.0250 0.9750 0.0000
vt 0.9750 0.9750 0.0000
vt 0.6079 0.0079 0.0000
vt 0.6079 0.3921 0.0000
vt 0.9921 0.3921 0.0000
vt 0.9921 0.0079 0.0000
vt 0.3921 0.3921 0.0000
vt 0.3921 0.0079 0.0000
vt 0.0079 0.0079 0.0000
vt 0.0079 0.3921 0.0000
vt 0.8303 0.7578 0.0000
vt 0.5724 0.7578 0.0000
vt 0.5724 0.0152 0.0000
vt 0.8303 0.0152 0.0000
vt 0.4276 0.7578 0.0000
vt 0.1697 0.7578 0.0000
vt 0.1697 0.0152 0.0000
vt 0.4276 0.0152 0.0000
vt 0.6079 0.6079 0.0000
vt 0.6079 0.9921 0.0000
vt 0.9921 0.9921 0.0000
vt 0.9921 0.6079 0.0000
vt 0.3921 0.9921 0.0000
vt 0.3921 0.6079 0.0000
vt 0.0079 0.6079 0.0000
vt 0.0079 0.9921 0.0000
vt 0.5961 0.6614 0.0000
vt 0.5961 0.9868 0.0000
vt 0.9750 0.9875 0.0000
vt 0.9750 0.0125 0.0000
vt 0.0250 0.0125 0.0000
vt 0.0250 0.9875 0.0000
vt 0.4039 0.9868 0.0000
vt 0.4039 0.6614 0.0000
vt 0.9803 0.5645 0.0000
vt 0.9803 0.8223 0.0000
vt 0.0197 0.8223 0.0000
vt 0.0197 0.5645 0.0000
vt -1.9016 0.5645 0.0000
vt -1.9016 0.4355 0.0000
vt 0.0197 0.4355 0.0000
vt 0.0197 0.1777 0.0000
vt 0.9803 0.1777 0.0000
vt 0.9803 0.4355 0.0000
vt 2.9016 0.4355 0.0000
vt 2.9016 0.5645 0.0000
vt 1.0000 0.0000 0.0000
vt 0.0000 0.0000 0.0000
vt 0.0000 1.0000 0.0000
vt 1.0000 0.1645 0.0000
vt 0.6000 0.6612 0.0000
vt 0.0000 0.8355 0.0000
vt 0.4000 1.0000 0.0000
vt 0.6000 0.0000 0.0000
vt -2.0000 0.5671 0.0000
vt 0.8355 0.0000 0.0000
vt 0.4329 0.0000 0.0000
vt 0.0000 0.5671 0.0000
vt -2.0000 0.4329 0.0000
vt 1.0000 0.4329 0.0000
vt 0.0000 0.4000 0.0000
vt 0.6000 0.4000 0.0000
vt 0.5671 0.7730 0.0000
vt 1.0000 0.6000 0.0000
vt 0.4000 0.6000 0.0000
vt 0.9750 0.0479 0.0000
vt 0.0250 0.0479 0.0000
vt 0.0250 0.0390 0.0000
vt 0.9750 0.0390 0.0000
vt 0.9944 0.9788 0.0000
vt 0.9944 0.0038 0.0000
vt 0.9896 0.0060 0.0000
vt 0.9896 0.9810 0.0000
vt 0.4200 0.6728 0.0000
vt 0.5800 0.6728 0.0000
vt 0.5840 0.6699 0.0000
vt 0.4160 0.6699 0.0000
vt 0.1970 -0.0226 0.0000
vt 0.3790 -0.0163 0.0000
vt 0.3911 -0.0084 0.0000
vt 0.1902 -0.0132 0.0000
vt 0.8303 0.7260 0.0000
vt 0.5724 0.7260 0.0000
vt 0.5724 0.7340 0.0000
vt 0.8303 0.7340 0.0000
vt 0.4276 0.7260 0.0000
vt 0.1697 0.7260 0.0000
vt 0.1697 0.7340 0.0000
vt 0.4276 0.7340 0.0000
vt 0.0266 1.0220 0.0000
vt 0.4056 1.0213 0.0000
vt 0.4052 1.0127 0.0000
vt 0.0262 1.0134 0.0000
vt 0.2922 0.0152 0.0000
vt 0.2922 0.7578 0.0000
vt 0.3260 0.7578 0.0000
vt 0.3260 0.0152 0.0000
vt 0.5854 0.6712 0.0000
vt 0.5845 0.9833 0.0000
vt 0.5874 0.9842 0.0000
vt 0.5881 0.6688 0.0000
vt -0.0395 0.0079 0.0000
vt -0.0395 0.3921 0.0000
vt -0.0276 0.3921 0.0000
vt -0.0276 0.0079 0.0000
vt 0.3068 0.7588 0.0000
vt 0.3837 -0.2663 0.0000
vt 0.3302 -0.1959 0.0000
vt 0.2725 0.7585 0.0000
vt 1.0395 0.9921 0.0000
vt 1.0395 0.6079 0.0000
vt 1.0276 0.6079 0.0000
vt 1.0276 0.9921 0.0000
vt -0.1440 0.4836 0.0000
vt -1.9261 0.4787 0.0000
vt -1.9200 0.5002 0.0000
vt -0.1031 0.5038 0.0000
vt -1.9261 0.5213 0.0000
vt -0.1440 0.5164 0.0000
vt -0.1031 0.4962 0.0000
vt -1.9200 0.4998 0.0000
vt 2.9261 0.4787 0.0000
vt 1.1440 0.4836 0.0000
vt 1.1031 0.5038 0.0000
vt 2.9200 0.5002 0.0000
vt 0.0079 0.4395 0.0000
vt 0.3921 0.4395 0.0000
vt 0.3921 0.4276 0.0000
vt 0.0079 0.4276 0.0000
vt 0.9921 -0.0395 0.0000
vt 0.6079 -0.0395 0.0000
vt 0.6079 -0.0276 0.0000
vt 0.9921 -0.0276 0.0000
vt 0.0056 0.0038 0.0000
vt 0.0056 0.9788 0.0000
vt 0.0104 0.9810 0.0000
vt 0.0104 0.0060 0.0000
vt 0.6163 -0.2663 0.0000
vt 0.6932 0.7588 0.0000
vt 0.7275 0.7585 0.0000
vt 0.6698 -0.1959 0.0000
vt 0.0079 1.0395 0.0000
vt 0.3921 1.0395 0.0000
vt 0.3921 1.0276 0.0000
vt 0.0079 1.0276 0.0000
vt 0.5112 1.1541 0.0000
vt 0.4888 1.1541 0.0000
vt 0.3715 1.0711 0.0000
vt 0.6285 1.0711 0.0000
vt 0.6210 -0.0163 0.0000
vt 0.8030 -0.0226 0.0000
vt 0.8098 -0.0132 0.0000
vt 0.6089 -0.0084 0.0000
vt -0.0395 0.6079 0.0000
vt -0.0395 0.9921 0.0000
vt -0.0276 0.9921 0.0000
vt -0.0276 0.6079 0.0000
vt 0.9828 0.0165 0.0000
vt 0.9811 0.0162 0.0000
vt 0.9700 0.0239 0.0000
vt 0.9684 0.0230 0.0000
vt 0.9495 0.0397 0.0000
vt 0.9747 0.0125 0.0000
vt 0.9684 0.0083 0.0000
vt 0.9495 0.0103 0.0000
vt 0.0140 0.0087 0.0000
vt 0.0061 0.0099 0.0000
vt 0.0013 0.0161 0.0000
vt -0.0003 0.0152 0.0000
vt -0.0005 0.0272 0.0000
vt -0.0003 0.0062 0.0000
vt -0.0003 0.0004 0.0000
vt -0.0005 -0.0022 0.0000
vt 0.0140 0.0165 0.0000
vt 0.0061 0.0162 0.0000
vt 0.0013 0.0239 0.0000
vt -0.0003 0.0230 0.0000
vt -0.0005 0.0397 0.0000
vt -0.0003 0.0125 0.0000
vt -0.0003 0.0083 0.0000
vt -0.0005 0.0103 0.0000
vt 0.0140 0.9931 0.0000
vt 0.0061 0.9974 0.0000
vt 0.0013 1.0005 0.0000
vt -0.0003 0.9996 0.0000
vt -0.0005 1.0022 0.0000
vt -0.0003 0.9937 0.0000
vt -0.0003 0.9848 0.0000
vt -0.0005 0.9728 0.0000
vt 0.9865 0.1745 0.0000
vt 0.9852 0.1782 0.0000
vt 0.9766 0.1887 0.0000
vt 0.9729 0.1843 0.0000
vt 0.9606 0.2061 0.0000
vt 0.9704 0.1607 0.0000
vt 0.9532 0.1351 0.0000
vt 0.9211 0.1076 0.0000
vt 0.5934 0.6625 0.0000
vt 0.5817 0.6660 0.0000
vt 0.5607 0.6719 0.0000
vt 0.5555 0.6696 0.0000
vt 0.5306 0.6803 0.0000
vt 0.5608 0.6565 0.0000
vt 0.5465 0.6411 0.0000
vt 0.5126 0.6234 0.0000
vt 0.0098 0.8299 0.0000
vt -0.0000 0.8393 0.0000
vt -0.0099 0.8507 0.0000
vt -0.0136 0.8463 0.0000
vt -0.0197 0.8639 0.0000
vt -0.0148 0.8218 0.0000
vt -0.0235 0.7905 0.0000
vt -0.0395 0.7523 0.0000
vt 0.4008 0.9927 0.0000
vt 0.3952 0.9973 0.0000
vt 0.3872 1.0006 0.0000
vt 0.3855 0.9996 0.0000
vt 0.3768 1.0025 0.0000
vt 0.3884 0.9934 0.0000
vt 0.3855 0.9839 0.0000
vt 0.3768 0.9712 0.0000
vt 0.6032 0.0059 0.0000
vt 0.5972 0.0078 0.0000
vt 0.5897 0.0137 0.0000
vt 0.5880 0.0127 0.0000
vt 0.5808 0.0235 0.0000
vt 0.5904 0.0039 0.0000
vt 0.5880 -0.0029 0.0000
vt 0.5808 -0.0078 0.0000
vt 0.3934 0.9961 0.0000
vt 0.3893 1.0000 0.0000
vt 0.3798 1.0039 0.0000
vt 0.3781 1.0029 0.0000
vt 0.3650 1.0078 0.0000
vt 0.3825 0.9961 0.0000
vt 0.3781 0.9873 0.0000
vt 0.3650 0.9765 0.0000
vt -1.9422 0.5698 0.0000
vt -1.9656 0.5833 0.0000
vt -1.9718 0.6048 0.0000
vt -1.9767 0.6027 0.0000
vt -1.9608 0.6345 0.0000
vt -1.9853 0.5749 0.0000
vt -1.9865 0.5509 0.0000
vt -1.9804 0.5308 0.0000
vt 0.8235 0.0128 0.0000
vt 0.7979 0.0209 0.0000
vt 0.7534 0.0394 0.0000
vt 0.7479 0.0380 0.0000
vt 0.6902 0.0684 0.0000
vt 0.7757 0.0152 0.0000
vt 0.7736 0.0000 0.0000
vt 0.7415 -0.0075 0.0000
vt 0.4273 0.0120 0.0000
vt 0.4211 0.0178 0.0000
vt 0.4089 0.0324 0.0000
vt 0.4036 0.0298 0.0000
vt 0.3909 0.0558 0.0000
vt 0.3996 0.0076 0.0000
vt 0.3791 -0.0108 0.0000
vt 0.3419 -0.0254 0.0000
vt 0.0066 0.5672 0.0000
vt -0.0129 0.5726 0.0000
vt -0.0388 0.5809 0.0000
vt -0.0445 0.5791 0.0000
vt -0.0711 0.5919 0.0000
vt -0.0356 0.5658 0.0000
vt -0.0445 0.5518 0.0000
vt -0.0711 0.5371 0.0000
vt -1.9434 0.4366 0.0000
vt -1.9705 0.4426 0.0000
vt -1.9828 0.4535 0.0000
vt -1.9865 0.4491 0.0000
vt -1.9804 0.4692 0.0000
vt -1.9853 0.4251 0.0000
vt -1.9767 0.3973 0.0000
vt -1.9608 0.3655 0.0000
vt 0.9820 0.4363 0.0000
vt 0.9675 0.4411 0.0000
vt 0.9366 0.4499 0.0000
vt 0.9309 0.4482 0.0000
vt 0.8895 0.4629 0.0000
vt 0.9447 0.4342 0.0000
vt 0.9309 0.4209 0.0000
vt 0.8895 0.4081 0.0000
vt 0.0032 0.3961 0.0000
vt -0.0028 0.4000 0.0000
vt -0.0103 0.4039 0.0000
vt -0.0120 0.4029 0.0000
vt -0.0192 0.4078 0.0000
vt -0.0096 0.3961 0.0000
vt -0.0120 0.3873 0.0000
vt -0.0192 0.3765 0.0000
vt 0.6031 0.3961 0.0000
vt 0.5968 0.4002 0.0000
vt 0.5888 0.4044 0.0000
vt 0.5870 0.4034 0.0000
vt 0.5792 0.4087 0.0000
vt 0.5896 0.3961 0.0000
vt 0.5870 0.3868 0.0000
vt 0.5792 0.3756 0.0000
vt 0.5686 0.7645 0.0000
vt 0.5626 0.7696 0.0000
vt 0.5543 0.7728 0.0000
vt 0.5525 0.7718 0.0000
vt 0.5437 0.7744 0.0000
vt 0.5554 0.7654 0.0000
vt 0.5525 0.7552 0.0000
vt 0.5437 0.7412 0.0000
vt 0.9934 0.6059 0.0000
vt 0.9893 0.6078 0.0000
vt 0.9798 0.6137 0.0000
vt 0.9781 0.6127 0.0000
vt 0.9650 0.6235 0.0000
vt 0.9825 0.6039 0.0000
vt 0.9781 0.5971 0.0000
vt 0.9650 0.5922 0.0000
vt 0.3933 0.6060 0.0000
vt 0.3889 0.6081 0.0000
vt 0.3789 0.6142 0.0000
vt 0.3771 0.6132 0.0000
vt 0.3634 0.6244 0.0000
vt 0.3817 0.6039 0.0000
vt 0.3771 0.5966 0.0000
vt 0.3634 0.5913 0.0000
vt 0.0250 0.0302 0.0000
vt 0.9750 0.0302 0.0000
vt 0.0250 0.0213 0.0000
vt 0.9750 0.0213 0.0000
vt 0.9847 0.0081 0.0000
vt 0.9847 0.9831 0.0000
vt 0.9799 0.0103 0.0000
vt 0.9799 0.9853 0.0000
vt 0.5880 0.6671 0.0000
vt 0.4120 0.6671 0.0000
vt 0.5920 0.6642 0.0000
vt 0.4080 0.6642 0.0000
vt 0.4033 -0.0006 0.0000
vt 0.1834 -0.0037 0.0000
vt 0.4155 0.0073 0.0000
vt 0.1766 0.0058 0.0000
vt 0.5724 0.7419 0.0000
vt 0.8303 0.7419 0.0000
vt 0.5724 0.7499 0.0000
vt 0.8303 0.7499 0.0000
vt 0.1697 0.7419 0.0000
vt 0.4276 0.7419 0.0000
vt 0.1697 0.7499 0.0000
vt 0.4276 0.7499 0.0000
vt 0.4048 1.0041 0.0000
vt 0.0258 1.0048 0.0000
vt 0.4043 0.9954 0.0000
vt 0.0254 0.9961 0.0000
vt 0.3599 0.7578 0.0000
vt 0.3599 0.0152 0.0000
vt 0.3937 0.7578 0.0000
vt 0.3937 0.0152 0.0000
vt 0.5903 0.9850 0.0000
vt 0.5908 0.6663 0.0000
vt 0.5932 0.9859 0.0000
vt 0.5934 0.6638 0.0000
vt -0.0158 0.3921 0.0000
vt -0.0158 0.0079 0.0000
vt -0.0040 0.3921 0.0000
vt -0.0040 0.0079 0.0000
vt 0.2767 -0.1255 0.0000
vt 0.2383 0.7583 0.0000
vt 0.2232 -0.0552 0.0000
vt 0.2040 0.7580 0.0000
vt 1.0158 0.6079 0.0000
vt 1.0158 0.9921 0.0000
vt 1.0040 0.6079 0.0000
vt 1.0040 0.9921 0.0000
vt -1.9138 0.5216 0.0000
vt -0.0622 0.5240 0.0000
vt -1.9077 0.5430 0.0000
vt -0.0212 0.5442 0.0000
vt -0.0622 0.4760 0.0000
vt -1.9138 0.4784 0.0000
vt -0.0212 0.4558 0.0000
vt -1.9077 0.4570 0.0000
vt 1.0622 0.5240 0.0000
vt 2.9138 0.5216 0.0000
vt 1.0212 0.5442 0.0000
vt 2.9077 0.5430 0.0000
vt 0.3921 0.4158 0.0000
vt 0.0079 0.4158 0.0000
vt 0.3921 0.4040 0.0000
vt 0.0079 0.4040 0.0000
vt 0.6079 -0.0158 0.0000
vt 0.9921 -0.0158 0.0000
vt 0.6079 -0.0040 0.0000
vt 0.9921 -0.0040 0.0000
vt 0.0153 0.9831 0.0000
vt 0.0153 0.0081 0.0000
vt 0.0201 0.9853 0.0000
vt 0.0201 0.0103 0.0000
vt 0.7617 0.7583 0.0000
vt 0.7233 -0.1255 0.0000
vt 0.7960 0.7580 0.0000
vt 0.7768 -0.0552 0.0000
vt 0.3921 1.0158 0.0000
vt 0.0079 1.0158 0.0000
vt 0.3921 1.0040 0.0000
vt 0.0079 1.0040 0.0000
vt 0.2543 0.9882 0.0000
vt 0.7457 0.9882 0.0000
vt 0.1370 0.9053 0.0000
vt 0.8630 0.9053 0.0000
vt 0.8166 -0.0037 0.0000
vt 0.5967 -0.0006 0.0000
vt 0.8234 0.0058 0.0000
vt 0.5845 0.0073 0.0000
vt -0.0158 0.9921 0.0000
vt -0.0158 0.6079 0.0000
vt -0.0040 0.9921 0.0000
vt -0.0040 0.6079 0.0000
# 419 texture coords

o Obj3d66_450520_1_684
g Obj3d66_450520_1_684
usemtl wire_135110008
s 2
f 4/4/4 3/3/3 2/2/2 1/1/1 
s 4
f 8/8/8 7/7/7 6/6/6 5/5/5 
f 12/12/6 11/11/9 10/10/8 9/9/7 
s 2
f 16/16/13 15/15/12 14/14/11 13/13/10 
f 20/20/17 19/19/16 18/18/15 17/17/14 
s 4
f 24/24/19 23/23/7 22/22/18 21/21/9 
f 28/28/22 27/27/9 26/26/21 25/25/20 
s 2
f 32/20/26 31/19/25 30/18/24 29/17/23 
f 36/16/30 35/15/29 34/14/28 33/13/27 
s 8
f 40/17/34 39/20/33 38/19/32 37/18/31 
f 44/13/38 43/16/37 42/15/36 41/14/35 
f 48/13/34 47/16/41 46/15/40 45/14/39 
f 52/19/44 51/18/43 50/17/38 49/20/42 
f 60/36/51 59/35/50 58/34/49 57/33/48 56/32/47 55/31/39 54/30/46 53/29/45 
s 32
f 68/36/58 67/35/57 66/34/56 65/33/55 64/32/54 63/31/35 62/30/53 61/29/52 
s 1
f 80/48/70 79/47/69 78/46/68 77/45/67 76/44/66 75/43/65 74/42/64 73/41/63 72/40/62 71/39/61 70/38/60 69/37/59 
s 64
f 88/33/77 87/32/76 86/31/75 85/30/27 84/29/74 83/36/73 82/35/72 81/34/71 
s 16
f 96/33/83 95/32/82 94/31/24 93/30/10 92/29/81 91/36/80 90/35/79 89/34/78 
s off
f 98/49/85 97/49/84 1/1/1 
f 100/50/87 99/50/86 88/33/77 
f 102/50/89 101/50/88 65/33/55 
f 104/50/91 103/50/90 2/2/2 
f 106/51/93 105/51/92 58/34/49 
f 108/51/95 107/51/94 89/34/78 
f 110/51/97 109/51/96 66/34/56 
f 112/51/99 111/51/98 81/34/71 
f 114/52/101 113/52/100 77/45/67 
f 116/53/103 115/53/102 61/29/52 
f 118/53/105 117/53/104 53/29/45 
f 120/54/107 119/54/106 71/39/61 
f 122/55/109 121/55/108 67/35/57 
f 124/56/111 123/56/110 5/5/5 
f 126/55/113 125/55/112 59/35/50 
f 128/55/115 127/55/114 25/25/20 
f 130/57/117 129/57/116 73/41/63 
f 132/58/119 131/58/118 47/16/41 
f 134/59/121 133/59/120 32/20/26 
f 136/60/123 135/60/122 72/40/62 
f 138/61/125 137/61/124 74/42/64 
f 140/53/127 139/53/126 84/29/74 
f 142/62/129 141/62/128 78/46/68 
f 144/59/131 143/59/130 20/20/17 
f 146/55/133 145/55/132 90/35/79 
f 148/63/135 147/63/134 12/12/6 
f 150/64/137 149/64/136 6/6/6 
f 152/65/139 151/65/138 14/14/11 
f 154/55/141 153/55/140 82/35/72 
f 156/66/143 155/66/142 24/24/19 
f 158/65/145 157/65/144 34/14/28 
f 160/67/147 159/67/146 26/26/21 
f 162/71/149 161/70/148 2/69/2 3/68/3 
f 103/71/90 163/70/150 1/69/1 2/68/2 
f 105/75/92 164/74/151 57/73/48 58/72/49 
f 109/75/96 165/74/152 65/73/55 66/72/56 
f 113/79/100 166/78/153 76/77/66 77/76/67 
f 168/83/155 167/82/154 75/81/65 76/80/66 
f 170/87/157 169/86/156 6/85/6 7/84/7 
f 149/91/136 171/90/158 5/89/5 6/88/6 
f 173/95/160 172/94/159 10/93/8 11/92/9 
f 175/87/162 174/86/161 9/85/7 10/84/8 
f 177/99/164 176/98/163 14/97/11 15/96/12 
f 179/103/166 178/102/165 18/101/15 19/100/16 
f 181/107/168 180/106/167 85/105/27 86/104/75 
f 183/111/170 182/110/169 84/109/74 85/108/27 
f 185/115/172 184/114/171 93/113/10 94/112/24 
f 187/111/174 186/110/173 92/109/81 93/108/10 
f 189/95/176 188/94/175 22/93/18 23/92/7 
f 191/87/178 190/86/177 21/85/9 22/84/18 
f 193/87/180 192/86/179 26/85/21 27/84/9 
f 159/91/146 194/90/181 25/89/20 26/88/21 
f 196/103/183 195/102/182 30/101/24 31/100/25 
f 198/99/185 197/98/184 34/97/28 35/96/29 
f 200/119/187 199/118/186 38/117/32 39/116/33 
f 202/123/189 201/122/188 42/121/36 43/120/37 
f 204/99/191 203/98/190 41/97/35 42/96/36 
f 131/127/118 205/126/192 46/125/40 47/124/41 
f 207/99/194 206/98/193 45/97/39 46/96/40 
f 209/131/196 208/130/195 50/129/38 51/128/43 
f 97/71/84 210/70/197 4/69/4 1/68/1 
f 212/71/199 211/70/198 3/69/3 4/68/4 
f 214/135/201 213/134/200 54/133/46 55/132/39 
f 216/139/203 215/138/202 55/137/39 56/136/47 
f 218/143/205 217/142/204 59/141/50 60/140/51 
f 220/147/207 219/146/206 62/145/53 63/144/35 
f 222/139/209 221/138/208 63/137/35 64/136/54 
f 115/151/102 223/150/210 68/149/58 61/148/52 
f 225/143/212 224/142/211 67/141/57 68/140/58 
f 227/79/214 226/78/213 79/77/69 80/76/70 
f 229/83/216 228/82/215 78/81/68 79/80/69 
f 137/79/124 230/78/217 73/77/63 74/76/64 
f 232/83/219 231/82/218 69/81/59 70/80/60 
f 135/155/122 233/154/220 71/153/61 72/152/62 
f 141/155/128 234/154/221 77/153/67 78/152/68 
f 236/95/222 235/94/161 7/93/7 8/92/8 
f 238/143/224 237/142/223 82/141/72 83/140/73 
f 153/159/140 239/158/225 81/157/71 82/156/72 
f 241/143/227 240/142/226 90/141/79 91/140/80 
f 243/91/229 242/90/228 24/89/19 21/88/9 
f 163/160/150 244/49/230 1/1/1 
f 246/161/232 245/49/231 244/49/230 163/160/150 
f 248/162/234 247/49/233 245/49/231 246/161/232 
f 57/164/48 164/163/151 247/49/233 248/162/234 
f 244/49/230 249/49/235 1/1/1 
f 245/49/231 250/49/236 249/49/235 244/49/230 
f 247/49/233 251/49/237 250/49/236 245/49/231 
f 164/163/151 252/165/238 251/49/237 247/49/233 
f 249/49/235 98/49/85 1/1/1 
f 250/49/236 253/49/239 98/49/85 249/49/235 
f 251/49/237 254/49/240 253/49/239 250/49/236 
f 252/165/238 255/166/241 254/49/240 251/49/237 
f 253/49/239 256/49/242 97/49/84 98/49/85 
f 254/49/240 257/49/243 256/49/242 253/49/239 
f 255/166/241 87/167/76 257/49/243 254/49/240 
f 259/168/245 258/50/244 88/33/77 
f 261/169/247 260/50/246 258/50/244 259/168/245 
f 222/170/209 262/50/248 260/50/246 261/169/247 
f 64/172/54 263/171/249 262/50/248 222/170/209 
f 258/50/244 264/50/250 88/33/77 
f 260/50/246 265/50/251 264/50/250 258/50/244 
f 262/50/248 266/50/252 265/50/251 260/50/246 
f 263/171/249 267/173/253 266/50/252 262/50/248 
f 264/50/250 100/50/87 88/33/77 
f 265/50/251 268/50/254 100/50/87 264/50/250 
f 266/50/252 269/50/255 268/50/254 265/50/251 
f 267/173/253 212/174/199 269/50/255 266/50/252 
f 268/50/254 270/50/256 99/50/86 100/50/87 
f 269/50/255 210/50/197 270/50/256 268/50/254 
f 212/174/199 4/175/4 210/50/197 269/50/255 
f 165/168/152 271/50/257 65/33/55 
f 273/169/259 272/50/258 271/50/257 165/168/152 
f 275/170/261 274/50/260 272/50/258 273/169/259 
f 95/172/82 276/171/262 274/50/260 275/170/261 
f 271/50/257 277/50/263 65/33/55 
f 272/50/258 278/50/264 277/50/263 271/50/257 
f 274/50/260 279/50/265 278/50/264 272/50/258 
f 276/171/262 280/173/266 279/50/265 274/50/260 
f 277/50/263 102/50/89 65/33/55 
f 278/50/264 281/50/267 102/50/89 277/50/263 
f 279/50/265 282/50/268 281/50/267 278/50/264 
f 280/173/266 162/174/149 282/50/268 279/50/265 
f 281/50/267 283/50/269 101/50/88 102/50/89 
f 282/50/268 211/50/198 283/50/269 281/50/267 
f 162/174/149 3/175/3 211/50/198 282/50/268 
f 161/176/148 284/50/270 2/2/2 
f 286/177/272 285/50/271 284/50/270 161/176/148 
f 288/178/274 287/50/273 285/50/271 286/177/272 
f 96/180/83 289/179/275 287/50/273 288/178/274 
f 284/50/270 290/50/276 2/2/2 
f 285/50/271 291/50/277 290/50/276 284/50/270 
f 287/50/273 292/50/278 291/50/277 285/50/271 
f 289/179/275 293/181/279 292/50/278 287/50/273 
f 290/50/276 104/50/91 2/2/2 
f 291/50/277 294/50/280 104/50/91 290/50/276 
f 292/50/278 295/50/281 294/50/280 291/50/277 
f 293/181/279 216/182/203 295/50/281 292/50/278 
f 294/50/280 296/50/282 103/50/90 104/50/91 
f 295/50/281 297/50/283 296/50/282 294/50/280 
f 216/182/203 56/183/47 297/50/283 295/50/281 
f 299/184/285 298/51/284 58/34/49 
f 301/185/287 300/51/286 298/51/284 299/184/285 
f 173/186/160 302/51/288 300/51/286 301/185/287 
f 11/188/9 303/187/289 302/51/288 173/186/160 
f 298/51/284 304/51/290 58/34/49 
f 300/51/286 305/51/291 304/51/290 298/51/284 
f 302/51/288 306/51/292 305/51/291 300/51/286 
f 303/187/289 307/189/293 306/51/292 302/51/288 
f 304/51/290 106/51/93 58/34/49 
f 305/51/291 308/51/294 106/51/93 304/51/290 
f 306/51/292 309/51/295 308/51/294 305/51/291 
f 307/189/293 181/190/168 309/51/295 306/51/292 
f 308/51/294 310/51/296 105/51/92 106/51/93 
f 309/51/295 311/51/297 310/51/296 308/51/294 
f 181/190/168 86/191/75 311/51/297 309/51/295 
f 313/184/299 312/51/298 89/34/78 
f 315/185/301 314/51/300 312/51/298 313/184/299 
f 236/186/222 316/51/302 314/51/300 315/185/301 
f 8/188/8 317/187/303 316/51/302 236/186/222 
f 312/51/298 318/51/304 89/34/78 
f 314/51/300 319/51/305 318/51/304 312/51/298 
f 316/51/302 320/51/306 319/51/305 314/51/300 
f 317/187/303 321/189/307 320/51/306 316/51/302 
f 318/51/304 108/51/95 89/34/78 
f 319/51/305 322/51/308 108/51/95 318/51/304 
f 320/51/306 323/51/309 322/51/308 319/51/305 
f 321/189/307 214/190/201 323/51/309 320/51/306 
f 322/51/308 324/51/310 107/51/94 108/51/95 
f 323/51/309 215/51/202 324/51/310 322/51/308 
f 214/190/201 55/191/39 215/51/202 323/51/309 
f 326/184/312 325/51/311 66/34/56 
f 328/185/314 327/51/313 325/51/311 326/184/312 
f 189/186/176 329/51/315 327/51/313 328/185/314 
f 23/188/7 330/187/316 329/51/315 189/186/176 
f 325/51/311 331/51/317 66/34/56 
f 327/51/313 332/51/318 331/51/317 325/51/311 
f 329/51/315 333/51/319 332/51/318 327/51/313 
f 330/187/316 334/189/320 333/51/319 329/51/315 
f 331/51/317 110/51/97 66/34/56 
f 332/51/318 335/51/321 110/51/97 331/51/317 
f 333/51/319 336/51/322 335/51/321 332/51/318 
f 334/189/320 185/190/172 336/51/322 333/51/319 
f 335/51/321 337/51/323 109/51/96 110/51/97 
f 336/51/322 338/51/324 337/51/323 335/51/321 
f 185/190/172 94/191/24 338/51/324 336/51/322 
f 239/184/225 339/51/325 81/34/71 
f 341/185/327 340/51/326 339/51/325 239/184/225 
f 343/186/329 342/51/328 340/51/326 341/185/327 
f 28/188/22 344/187/330 342/51/328 343/186/329 
f 339/51/325 345/51/331 81/34/71 
f 340/51/326 346/51/332 345/51/331 339/51/325 
f 342/51/328 347/51/333 346/51/332 340/51/326 
f 344/187/330 348/189/334 347/51/333 342/51/328 
f 345/51/331 112/51/99 81/34/71 
f 346/51/332 349/51/335 112/51/99 345/51/331 
f 347/51/333 350/51/336 349/51/335 346/51/332 
f 348/189/334 220/190/207 350/51/336 347/51/333 
f 349/51/335 351/51/337 111/51/98 112/51/99 
f 350/51/336 221/51/208 351/51/337 349/51/335 
f 220/190/207 63/191/35 221/51/208 350/51/336 
f 234/192/221 352/52/338 77/45/67 
f 354/193/340 353/52/339 352/52/338 234/192/221 
f 356/194/342 355/52/341 353/52/339 354/193/340 
f 16/196/13 357/195/343 355/52/341 356/194/342 
f 352/52/338 358/52/344 77/45/67 
f 353/52/339 359/52/345 358/52/344 352/52/338 
f 355/52/341 360/52/346 359/52/345 353/52/339 
f 357/195/343 361/197/347 360/52/346 355/52/341 
f 358/52/344 114/52/101 77/45/67 
f 359/52/345 362/52/348 114/52/101 358/52/344 
f 360/52/346 363/52/349 362/52/348 359/52/345 
f 361/197/347 218/198/205 363/52/349 360/52/346 
f 362/52/348 364/52/350 113/52/100 114/52/101 
f 363/52/349 365/52/351 364/52/350 362/52/348 
f 218/198/205 60/199/51 365/52/351 363/52/349 
f 367/200/353 366/53/352 61/29/52 
f 369/201/355 368/53/354 366/53/352 367/200/353 
f 196/202/183 370/53/356 368/53/354 369/201/355 
f 31/204/25 371/203/357 370/53/356 196/202/183 
f 366/53/352 372/53/358 61/29/52 
f 368/53/354 373/53/359 372/53/358 366/53/352 
f 370/53/356 374/53/360 373/53/359 368/53/354 
f 371/203/357 375/205/361 374/53/360 370/53/356 
f 372/53/358 116/53/103 61/29/52 
f 373/53/359 376/53/362 116/53/103 372/53/358 
f 374/53/360 377/53/363 376/53/362 373/53/359 
f 375/205/361 232/206/219 377/53/363 374/53/360 
f 376/53/362 378/53/364 115/53/102 116/53/103 
f 377/53/363 379/53/365 378/53/364 376/53/362 
f 232/206/219 70/207/60 379/53/365 377/53/363 
f 381/200/367 380/53/366 53/29/45 
f 383/201/369 382/53/368 380/53/366 381/200/367 
f 179/202/166 384/53/370 382/53/368 383/201/369 
f 19/204/16 385/203/371 384/53/370 179/202/166 
f 380/53/366 386/53/372 53/29/45 
f 382/53/368 387/53/373 386/53/372 380/53/366 
f 384/53/370 388/53/374 387/53/373 382/53/368 
f 385/203/371 389/205/375 388/53/374 384/53/370 
f 386/53/372 118/53/105 53/29/45 
f 387/53/373 390/53/376 118/53/105 386/53/372 
f 388/53/374 391/53/377 390/53/376 387/53/373 
f 389/205/375 168/206/155 391/53/377 388/53/374 
f 390/53/376 392/53/378 117/53/104 118/53/105 
f 391/53/377 166/53/153 392/53/378 390/53/376 
f 168/206/155 76/207/66 166/53/153 391/53/377 
f 233/208/220 393/54/379 71/39/61 
f 395/209/381 394/54/380 393/54/379 233/208/220 
f 397/210/383 396/54/382 394/54/380 395/209/381 
f 36/212/30 398/211/384 396/54/382 397/210/383 
f 393/54/379 399/54/385 71/39/61 
f 394/54/380 400/54/386 399/54/385 393/54/379 
f 396/54/382 401/54/387 400/54/386 394/54/380 
f 398/211/384 402/213/388 401/54/387 396/54/382 
f 399/54/385 120/54/107 71/39/61 
f 400/54/386 403/54/389 120/54/107 399/54/385 
f 401/54/387 404/54/390 403/54/389 400/54/386 
f 402/213/388 225/214/212 404/54/390 401/54/387 
f 403/54/389 405/54/391 119/54/106 120/54/107 
f 404/54/390 223/54/210 405/54/391 403/54/389 
f 225/214/212 68/215/58 223/54/210 404/54/390 
f 224/216/211 406/55/392 67/35/57 
f 408/217/394 407/55/393 406/55/392 224/216/211 
f 410/218/396 409/55/395 407/55/393 408/217/394 
f 33/220/27 411/219/397 409/55/395 410/218/396 
f 406/55/392 412/55/398 67/35/57 
f 407/55/393 413/55/399 412/55/398 406/55/392 
f 409/55/395 414/55/400 413/55/399 407/55/393 
f 411/219/397 415/221/401 414/55/400 409/55/395 
f 412/55/398 122/55/109 67/35/57 
f 413/55/399 416/55/402 122/55/109 412/55/398 
f 414/55/400 417/55/403 416/55/402 413/55/399 
f 415/221/401 191/222/178 417/55/403 414/55/400 
f 416/55/402 418/55/404 121/55/108 122/55/109 
f 417/55/403 188/55/175 418/55/404 416/55/402 
f 191/222/178 22/223/18 188/55/175 417/55/403 
f 171/224/158 419/56/405 5/5/5 
f 421/225/407 420/56/406 419/56/405 171/224/158 
f 423/226/409 422/56/408 420/56/406 421/225/407 
f 18/228/15 178/227/165 422/56/408 423/226/409 
f 419/56/405 424/56/410 5/5/5 
f 420/56/406 425/56/411 424/56/410 419/56/405 
f 422/56/408 426/56/412 425/56/411 420/56/406 
f 178/227/165 427/229/413 426/56/412 422/56/408 
f 424/56/410 124/56/111 5/5/5 
f 425/56/411 428/56/414 124/56/111 424/56/410 
f 426/56/412 429/56/415 428/56/414 425/56/411 
f 427/229/413 430/230/416 429/56/415 426/56/412 
f 428/56/414 431/56/417 123/56/110 124/56/111 
f 429/56/415 213/56/200 431/56/417 428/56/414 
f 430/230/416 54/231/46 213/56/200 429/56/415 
f 217/216/204 432/55/418 59/35/50 
f 434/217/420 433/55/419 432/55/418 217/216/204 
f 436/218/422 435/55/421 433/55/419 434/217/420 
f 13/220/10 437/219/423 435/55/421 436/218/422 
f 432/55/418 438/55/424 59/35/50 
f 433/55/419 439/55/425 438/55/424 432/55/418 
f 435/55/421 440/55/426 439/55/425 433/55/419 
f 437/219/423 441/221/427 440/55/426 435/55/421 
f 438/55/424 126/55/113 59/35/50 
f 439/55/425 442/55/428 126/55/113 438/55/424 
f 440/55/426 443/55/429 442/55/428 439/55/425 
f 441/221/427 175/222/162 443/55/429 440/55/426 
f 442/55/428 444/55/430 125/55/112 126/55/113 
f 443/55/429 172/55/159 444/55/430 442/55/428 
f 175/222/162 10/223/8 172/55/159 443/55/429 
f 194/232/181 445/55/431 25/25/20 
f 447/233/433 446/55/432 445/55/431 194/232/181 
f 449/234/435 448/55/434 446/55/432 447/233/433 
f 30/236/24 195/235/182 448/55/434 449/234/435 
f 445/55/431 450/55/436 25/25/20 
f 446/55/432 451/55/437 450/55/436 445/55/431 
f 448/55/434 452/55/438 451/55/437 446/55/432 
f 195/235/182 453/237/439 452/55/438 448/55/434 
f 450/55/436 128/55/115 25/25/20 
f 451/55/437 454/55/440 128/55/115 450/55/436 
f 452/55/438 455/55/441 454/55/440 451/55/437 
f 453/237/439 456/238/442 455/55/441 452/55/438 
f 454/55/440 457/55/443 127/55/114 128/55/115 
f 455/55/441 219/55/206 457/55/443 454/55/440 
f 456/238/442 62/239/53 219/55/206 455/55/441 
f 230/240/217 458/57/444 73/41/63 
f 460/241/446 459/57/445 458/57/444 230/240/217 
f 462/242/448 461/57/447 459/57/445 460/241/446 
f 92/244/81 186/243/173 461/57/447 462/242/448 
f 458/57/444 463/57/449 73/41/63 
f 459/57/445 464/57/450 463/57/449 458/57/444 
f 461/57/447 465/57/451 464/57/450 459/57/445 
f 186/243/173 466/245/452 465/57/451 461/57/447 
f 463/57/449 130/57/117 73/41/63 
f 464/57/450 467/57/453 130/57/117 463/57/449 
f 465/57/451 468/57/454 467/57/453 464/57/450 
f 466/245/452 469/246/455 468/57/454 465/57/451 
f 467/57/453 470/57/456 129/57/116 130/57/117 
f 468/57/454 199/57/186 470/57/456 467/57/453 
f 469/246/455 38/247/32 199/57/186 468/57/454 
f 472/248/458 471/58/457 47/16/41 
f 474/249/460 473/58/459 471/58/457 472/248/458 
f 238/250/224 475/58/461 473/58/459 474/249/460 
f 83/252/73 476/251/462 475/58/461 238/250/224 
f 471/58/457 477/58/463 47/16/41 
f 473/58/459 478/58/464 477/58/463 471/58/457 
f 475/58/461 479/58/465 478/58/464 473/58/459 
f 476/251/462 480/253/466 479/58/465 475/58/461 
f 477/58/463 132/58/119 47/16/41 
f 478/58/464 481/58/467 132/58/119 477/58/463 
f 479/58/465 482/58/468 481/58/467 478/58/464 
f 480/253/466 227/254/214 482/58/468 479/58/465 
f 481/58/467 483/58/469 131/58/118 132/58/119 
f 482/58/468 484/58/470 483/58/469 481/58/467 
f 227/254/214 80/255/70 484/58/470 482/58/468 
f 486/256/472 485/59/471 32/20/26 
f 488/257/474 487/59/473 485/59/471 486/256/472 
f 207/258/194 489/59/475 487/59/473 488/257/474 
f 46/260/40 205/259/192 489/59/475 207/258/194 
f 485/59/471 490/59/476 32/20/26 
f 487/59/473 491/59/477 490/59/476 485/59/471 
f 489/59/475 492/59/478 491/59/477 487/59/473 
f 205/259/192 493/261/479 492/59/478 489/59/475 
f 490/59/476 134/59/121 32/20/26 
f 491/59/477 494/59/480 134/59/121 490/59/476 
f 492/59/478 495/59/481 494/59/480 491/59/477 
f 493/261/479 496/262/482 495/59/481 492/59/478 
f 494/59/480 497/59/483 133/59/120 134/59/121 
f 495/59/481 231/59/218 497/59/483 494/59/480 
f 496/262/482 69/263/59 231/59/218 495/59/481 
f 499/264/485 498/60/484 72/40/62 
f 501/265/487 500/60/486 498/60/484 499/264/485 
f 200/266/187 502/60/488 500/60/486 501/265/487 
f 39/268/33 503/267/489 502/60/488 200/266/187 
f 498/60/484 504/60/490 72/40/62 
f 500/60/486 505/60/491 504/60/490 498/60/484 
f 502/60/488 506/60/492 505/60/491 500/60/486 
f 503/267/489 507/269/493 506/60/492 502/60/488 
f 504/60/490 136/60/123 72/40/62 
f 505/60/491 508/60/494 136/60/123 504/60/490 
f 506/60/492 509/60/495 508/60/494 505/60/491 
f 507/269/493 198/270/185 509/60/495 506/60/492 
f 508/60/494 510/60/496 135/60/122 136/60/123 
f 509/60/495 511/60/497 510/60/496 508/60/494 
f 198/270/185 35/271/29 511/60/497 509/60/495 
f 513/272/499 512/61/498 74/42/64 
f 515/273/501 514/61/500 512/61/498 513/272/499 
f 202/274/189 516/61/502 514/61/500 515/273/501 
f 43/276/37 517/275/503 516/61/502 202/274/189 
f 512/61/498 518/61/504 74/42/64 
f 514/61/500 519/61/505 518/61/504 512/61/498 
f 516/61/502 520/61/506 519/61/505 514/61/500 
f 517/275/503 521/277/507 520/61/506 516/61/502 
f 518/61/504 138/61/125 74/42/64 
f 519/61/505 522/61/508 138/61/125 518/61/504 
f 520/61/506 523/61/509 522/61/508 519/61/505 
f 521/277/507 241/278/227 523/61/509 520/61/506 
f 522/61/508 524/61/510 137/61/124 138/61/125 
f 523/61/509 525/61/511 524/61/510 522/61/508 
f 241/278/227 91/279/80 525/61/511 523/61/509 
f 182/200/169 526/53/512 84/29/74 
f 528/201/514 527/53/513 526/53/512 182/200/169 
f 530/202/516 529/53/515 527/53/513 528/201/514 
f 52/204/44 531/203/517 529/53/515 530/202/516 
f 526/53/512 532/53/518 84/29/74 
f 527/53/513 533/53/519 532/53/518 526/53/512 
f 529/53/515 534/53/520 533/53/519 527/53/513 
f 531/203/517 535/205/521 534/53/520 529/53/515 
f 532/53/518 140/53/127 84/29/74 
f 533/53/519 536/53/522 140/53/127 532/53/518 
f 534/53/520 537/53/523 536/53/522 533/53/519 
f 535/205/521 229/206/216 537/53/523 534/53/520 
f 536/53/522 538/53/524 139/53/126 140/53/127 
f 537/53/523 226/53/213 538/53/524 536/53/522 
f 229/206/216 79/207/69 226/53/213 537/53/523 
f 228/280/215 539/62/525 78/46/68 
f 541/281/527 540/62/526 539/62/525 228/280/215 
f 543/282/529 542/62/528 540/62/526 541/281/527 
f 49/284/42 544/283/530 542/62/528 543/282/529 
f 539/62/525 545/62/531 78/46/68 
f 540/62/526 546/62/532 545/62/531 539/62/525 
f 542/62/528 547/62/533 546/62/532 540/62/526 
f 544/283/530 548/285/534 547/62/533 542/62/528 
f 545/62/531 142/62/129 78/46/68 
f 546/62/532 549/62/535 142/62/129 545/62/531 
f 547/62/533 550/62/536 549/62/535 546/62/532 
f 548/285/534 177/286/164 550/62/536 547/62/533 
f 549/62/535 551/62/537 141/62/128 142/62/129 
f 550/62/536 552/62/538 551/62/537 549/62/535 
f 177/286/164 15/287/12 552/62/538 550/62/536 
f 554/256/540 553/59/539 20/20/17 
f 556/257/542 555/59/541 553/59/539 554/256/540 
f 204/258/191 557/59/543 555/59/541 556/257/542 
f 42/260/36 201/259/188 557/59/543 204/258/191 
f 553/59/539 558/59/544 20/20/17 
f 555/59/541 559/59/545 558/59/544 553/59/539 
f 557/59/543 560/59/546 559/59/545 555/59/541 
f 201/259/188 561/261/547 560/59/546 557/59/543 
f 558/59/544 144/59/131 20/20/17 
f 559/59/545 562/59/548 144/59/131 558/59/544 
f 560/59/546 563/59/549 562/59/548 559/59/545 
f 561/261/547 564/262/550 563/59/549 560/59/546 
f 562/59/548 565/59/551 143/59/130 144/59/131 
f 563/59/549 167/59/154 565/59/551 562/59/548 
f 564/262/550 75/263/65 167/59/154 563/59/549 
f 240/216/226 566/55/552 90/35/79 
f 568/217/554 567/55/553 566/55/552 240/216/226 
f 570/218/556 569/55/555 567/55/553 568/217/554 
f 44/220/38 571/219/195 569/55/555 570/218/556 
f 566/55/552 572/55/557 90/35/79 
f 567/55/553 573/55/558 572/55/557 566/55/552 
f 569/55/555 574/55/559 573/55/558 567/55/553 
f 571/219/195 575/221/560 574/55/559 569/55/555 
f 572/55/557 146/55/133 90/35/79 
f 573/55/558 576/55/561 146/55/133 572/55/557 
f 574/55/559 577/55/562 576/55/561 573/55/558 
f 575/221/560 170/222/157 577/55/562 574/55/559 
f 576/55/561 578/55/563 145/55/132 146/55/133 
f 577/55/562 235/55/161 578/55/563 576/55/561 
f 170/222/157 7/223/7 235/55/161 577/55/562 
f 580/288/565 579/63/564 12/12/6 
f 582/289/567 581/63/566 579/63/564 580/288/565 
f 209/290/196 583/63/568 581/63/566 582/289/567 
f 51/292/43 584/291/569 583/63/568 209/290/196 
f 579/63/564 585/63/570 12/12/6 
f 581/63/566 586/63/571 585/63/570 579/63/564 
f 583/63/568 587/63/572 586/63/571 581/63/566 
f 584/291/569 588/293/573 587/63/572 583/63/568 
f 585/63/570 148/63/135 12/12/6 
f 586/63/571 589/63/574 148/63/135 585/63/570 
f 587/63/572 590/63/575 589/63/574 586/63/571 
f 588/293/573 183/294/170 590/63/575 587/63/572 
f 589/63/574 591/63/576 147/63/134 148/63/135 
f 590/63/575 180/63/167 591/63/576 589/63/574 
f 183/294/170 85/295/27 180/63/167 590/63/575 
f 169/296/156 592/64/577 6/6/6 
f 594/297/579 593/64/578 592/64/577 169/296/156 
f 596/298/581 595/64/580 593/64/578 594/297/579 
f 41/300/35 203/299/190 595/64/580 596/298/581 
f 592/64/577 597/64/582 6/6/6 
f 593/64/578 598/64/583 597/64/582 592/64/577 
f 595/64/580 599/64/584 598/64/583 593/64/578 
f 203/299/190 600/301/573 599/64/584 595/64/580 
f 597/64/582 150/64/137 6/6/6 
f 598/64/583 601/64/585 150/64/137 597/64/582 
f 599/64/584 602/64/586 601/64/585 598/64/583 
f 600/301/573 603/302/587 602/64/586 599/64/584 
f 601/64/585 604/64/588 149/64/136 150/64/137 
f 602/64/586 605/64/589 604/64/588 601/64/585 
f 603/302/587 17/303/14 605/64/589 602/64/586 
f 176/304/163 606/65/552 14/14/11 
f 608/305/590 607/65/553 606/65/552 176/304/163 
f 610/306/592 609/65/591 607/65/553 608/305/590 
f 50/308/38 208/307/195 609/65/591 610/306/592 
f 606/65/552 611/65/593 14/14/11 
f 607/65/553 612/65/558 611/65/593 606/65/552 
f 609/65/591 613/65/594 612/65/558 607/65/553 
f 208/307/195 614/309/560 613/65/594 609/65/591 
f 611/65/593 152/65/139 14/14/11 
f 612/65/558 615/65/595 152/65/139 611/65/593 
f 613/65/594 616/65/562 615/65/595 612/65/558 
f 614/309/560 617/310/596 616/65/562 613/65/594 
f 615/65/595 618/65/563 151/65/138 152/65/139 
f 616/65/562 174/65/161 618/65/563 615/65/595 
f 617/310/596 9/311/7 174/65/161 616/65/562 
f 237/216/223 619/55/597 82/35/72 
f 621/217/599 620/55/598 619/55/597 237/216/223 
f 623/218/601 622/55/600 620/55/598 621/217/599 
f 48/220/34 624/219/602 622/55/600 623/218/601 
f 619/55/597 625/55/603 82/35/72 
f 620/55/598 626/55/604 625/55/603 619/55/597 
f 622/55/600 627/55/605 626/55/604 620/55/598 
f 624/219/602 628/221/606 627/55/605 622/55/600 
f 625/55/603 154/55/141 82/35/72 
f 626/55/604 629/55/607 154/55/141 625/55/603 
f 627/55/605 630/55/608 629/55/607 626/55/604 
f 628/221/606 193/222/180 630/55/608 627/55/605 
f 629/55/607 631/55/609 153/55/140 154/55/141 
f 630/55/608 632/55/177 631/55/609 629/55/607 
f 193/222/180 27/223/9 632/55/177 630/55/608 
f 242/312/228 633/66/610 24/24/19 
f 635/313/612 634/66/611 633/66/610 242/312/228 
f 637/314/614 636/66/613 634/66/611 635/313/612 
f 37/316/31 638/315/615 636/66/613 637/314/614 
f 633/66/610 639/66/616 24/24/19 
f 634/66/611 640/66/617 639/66/616 633/66/610 
f 636/66/613 641/66/618 640/66/617 634/66/611 
f 638/315/615 642/317/619 641/66/618 636/66/613 
f 639/66/616 156/66/143 24/24/19 
f 640/66/617 643/66/620 156/66/143 639/66/616 
f 641/66/618 644/66/621 643/66/620 640/66/617 
f 642/317/619 187/318/174 644/66/621 641/66/618 
f 643/66/620 645/66/622 155/66/142 156/66/143 
f 644/66/621 184/66/171 645/66/622 643/66/620 
f 187/318/174 93/319/10 184/66/171 644/66/621 
f 197/304/184 646/65/623 34/14/28 
f 648/305/624 647/65/598 646/65/623 197/304/184 
f 650/306/626 649/65/625 647/65/598 648/305/624 
f 40/308/34 651/307/602 649/65/625 650/306/626 
f 646/65/623 652/65/627 34/14/28 
f 647/65/598 653/65/628 652/65/627 646/65/623 
f 649/65/625 654/65/629 653/65/628 647/65/598 
f 651/307/602 655/309/606 654/65/629 649/65/625 
f 652/65/627 158/65/145 34/14/28 
f 653/65/628 656/65/630 158/65/145 652/65/627 
f 654/65/629 657/65/608 656/65/630 653/65/628 
f 655/309/606 243/310/229 657/65/608 654/65/629 
f 656/65/630 658/65/631 157/65/144 158/65/145 
f 657/65/608 190/65/177 658/65/631 656/65/630 
f 243/310/229 21/311/9 190/65/177 657/65/608 
f 192/320/179 659/67/632 26/26/21 
f 661/321/634 660/67/633 659/67/632 192/320/179 
f 663/322/636 662/67/635 660/67/633 661/321/634 
f 45/324/39 206/323/193 662/67/635 663/322/636 
f 659/67/632 664/67/637 26/26/21 
f 660/67/633 665/67/638 664/67/637 659/67/632 
f 662/67/635 666/67/639 665/67/638 660/67/633 
f 206/323/193 667/325/640 666/67/639 662/67/635 
f 664/67/637 160/67/147 26/26/21 
f 665/67/638 668/67/641 160/67/147 664/67/637 
f 666/67/639 669/67/642 668/67/641 665/67/638 
f 667/325/640 670/326/643 669/67/642 666/67/639 
f 668/67/641 671/67/644 159/67/146 160/67/147 
f 669/67/642 672/67/645 671/67/644 668/67/641 
f 670/326/643 29/327/23 672/67/645 669/67/642 
f 280/329/266 286/328/272 161/70/148 162/71/149 
f 276/331/262 288/330/274 286/328/272 280/329/266 
f 95/32/82 96/33/83 288/330/274 276/331/262 
f 296/329/282 246/328/232 163/70/150 103/71/90 
f 297/331/283 248/330/234 246/328/232 296/329/282 
f 56/32/47 57/33/48 248/330/234 297/331/283 
f 310/333/296 252/332/238 164/74/151 105/75/92 
f 311/335/297 255/334/241 252/332/238 310/333/296 
f 86/31/75 87/32/76 255/334/241 311/335/297 
f 337/333/323 273/332/259 165/74/152 109/75/96 
f 338/335/324 275/334/261 273/332/259 337/333/323 
f 94/31/24 95/32/82 275/334/261 338/335/324 
f 364/337/350 392/336/378 166/78/153 113/79/100 
f 365/339/351 117/338/104 392/336/378 364/337/350 
f 60/36/51 53/29/45 117/338/104 365/339/351 
f 389/341/375 565/340/551 167/82/154 168/83/155 
f 385/343/371 143/342/130 565/340/551 389/341/375 
f 19/19/16 20/20/17 143/342/130 385/343/371 
f 575/345/560 594/344/579 169/86/156 170/87/157 
f 571/347/195 596/346/581 594/344/579 575/345/560 
f 44/13/38 41/14/35 596/346/581 571/347/195 
f 604/349/588 421/348/407 171/90/158 149/91/136 
f 605/351/589 423/350/409 421/348/407 604/349/588 
f 17/17/14 18/18/15 423/350/409 605/351/589 
f 301/353/287 444/352/430 172/94/159 173/95/160 
f 299/355/285 125/354/112 444/352/430 301/353/287 
f 58/34/49 59/35/50 125/354/112 299/355/285 
f 441/345/427 618/344/563 174/86/161 175/87/162 
f 437/347/423 151/346/138 618/344/563 441/345/427 
f 13/13/10 14/14/11 151/346/138 437/347/423 
f 548/357/534 608/356/590 176/98/163 177/99/164 
f 544/359/530 610/358/592 608/356/590 548/357/534 
f 49/20/42 50/17/38 610/358/592 544/359/530 
f 383/361/369 427/360/413 178/102/165 179/103/166 
f 381/363/367 430/362/416 427/360/413 383/361/369 
f 53/29/45 54/30/46 430/362/416 381/363/367 
f 307/365/293 591/364/576 180/106/167 181/107/168 
f 303/367/289 147/366/134 591/364/576 307/365/293 
f 11/11/9 12/12/6 147/366/134 303/367/289 
f 588/369/573 528/368/514 182/110/169 183/111/170 
f 584/371/569 530/370/516 528/368/514 588/369/573 
f 51/18/43 52/19/44 530/370/516 584/371/569 
f 334/373/320 645/372/622 184/114/171 185/115/172 
f 330/375/316 155/374/142 645/372/622 334/373/320 
f 23/23/7 24/24/19 155/374/142 330/375/316 
f 642/369/619 466/368/452 186/110/173 187/111/174 
f 638/371/615 469/370/455 466/368/452 642/369/619 
f 37/18/31 38/19/32 469/370/455 638/371/615 
f 328/353/314 418/352/404 188/94/175 189/95/176 
f 326/355/312 121/354/108 418/352/404 328/353/314 
f 66/34/56 67/35/57 121/354/108 326/355/312 
f 415/345/401 658/344/631 190/86/177 191/87/178 
f 411/347/397 157/346/144 658/344/631 415/345/401 
f 33/13/27 34/14/28 157/346/144 411/347/397 
f 628/345/606 661/344/634 192/86/179 193/87/180 
f 624/347/602 663/346/636 661/344/634 628/345/606 
f 48/13/34 45/14/39 663/346/636 624/347/602 
f 671/349/644 447/348/433 194/90/181 159/91/146 
f 672/351/645 449/350/435 447/348/433 671/349/644 
f 29/17/23 30/18/24 449/350/435 672/351/645 
f 369/361/355 453/360/439 195/102/182 196/103/183 
f 367/363/353 456/362/442 453/360/439 369/361/355 
f 61/29/52 62/30/53 456/362/442 367/363/353 
f 507/357/493 648/356/624 197/98/184 198/99/185 
f 503/359/489 650/358/626 648/356/624 507/357/493 
f 39/20/33 40/17/34 650/358/626 503/359/489 
f 501/377/487 470/376/456 199/118/186 200/119/187 
f 499/379/485 129/378/116 470/376/456 501/377/487 
f 72/40/62 73/41/63 129/378/116 499/379/485 
f 515/381/501 561/380/547 201/122/188 202/123/189 
f 513/383/499 564/382/550 561/380/547 515/381/501 
f 74/42/64 75/43/65 564/382/550 513/383/499 
f 556/357/542 600/356/573 203/98/190 204/99/191 
f 554/359/540 603/358/587 600/356/573 556/357/542 
f 20/20/17 17/17/14 603/358/587 554/359/540 
f 483/385/469 493/384/479 205/126/192 131/127/118 
f 484/387/470 496/386/482 493/384/479 483/385/469 
f 80/48/70 69/37/59 496/386/482 484/387/470 
f 488/357/474 667/356/640 206/98/193 207/99/194 
f 486/359/472 670/358/643 667/356/640 488/357/474 
f 32/20/26 29/17/23 670/358/643 486/359/472 
f 582/389/567 614/388/560 208/130/195 209/131/196 
f 580/391/565 617/390/596 614/388/560 582/389/567 
f 12/12/6 9/9/7 617/390/596 580/391/565 
f 256/329/242 270/328/256 210/70/197 97/71/84 
f 257/331/243 99/330/86 270/328/256 256/329/242 
f 87/32/76 88/33/77 99/330/86 257/331/243 
f 267/329/253 283/328/269 211/70/198 212/71/199 
f 263/331/249 101/330/88 283/328/269 267/329/253 
f 64/32/54 65/33/55 101/330/88 263/331/249 
f 321/393/307 431/392/417 213/134/200 214/135/201 
f 317/395/303 123/394/110 431/392/417 321/393/307 
f 8/8/8 5/5/5 123/394/110 317/395/303 
f 293/397/279 324/396/310 215/138/202 216/139/203 
f 289/399/275 107/398/94 324/396/310 293/397/279 
f 96/33/83 89/34/78 107/398/94 289/399/275 
f 361/401/347 434/400/420 217/142/204 218/143/205 
f 357/403/343 436/402/422 434/400/420 361/401/347 
f 16/16/13 13/13/10 436/402/422 357/403/343 
f 348/405/334 457/404/443 219/146/206 220/147/207 
f 344/407/330 127/406/114 457/404/443 348/405/334 
f 28/28/22 25/25/20 127/406/114 344/407/330 
f 261/397/247 351/396/337 221/138/208 222/139/209 
f 259/399/245 111/398/98 351/396/337 261/397/247 
f 88/33/77 81/34/71 111/398/98 259/399/245 
f 378/409/364 405/408/391 223/150/210 115/151/102 
f 379/411/365 119/410/106 405/408/391 378/409/364 
f 70/38/60 71/39/61 119/410/106 379/411/365 
f 402/401/388 408/400/394 224/142/211 225/143/212 
f 398/403/384 410/402/396 408/400/394 402/401/388 
f 36/16/30 33/13/27 410/402/396 398/403/384 
f 480/337/466 538/336/524 226/78/213 227/79/214 
f 476/339/462 139/338/126 538/336/524 480/337/466 
f 83/36/73 84/29/74 139/338/126 476/339/462 
f 535/341/521 541/340/527 228/82/215 229/83/216 
f 531/343/517 543/342/529 541/340/527 535/341/521 
f 52/19/44 49/20/42 543/342/529 531/343/517 
f 524/337/510 460/336/446 230/78/217 137/79/124 
f 525/339/511 462/338/448 460/336/446 524/337/510 
f 91/36/80 92/29/81 462/338/448 525/339/511 
f 375/341/361 497/340/483 231/82/218 232/83/219 
f 371/343/357 133/342/120 497/340/483 375/341/361 
f 31/19/25 32/20/26 133/342/120 371/343/357 
f 510/413/496 395/412/381 233/154/220 135/155/122 
f 511/415/497 397/414/383 395/412/381 510/413/496 
f 35/15/29 36/16/30 397/414/383 511/415/497 
f 551/413/537 354/412/340 234/154/221 141/155/128 
f 552/415/538 356/414/342 354/412/340 551/413/537 
f 15/15/12 16/16/13 356/414/342 552/415/538 
f 315/353/301 578/352/563 235/94/161 236/95/222 
f 313/355/299 145/354/132 578/352/563 315/353/301 
f 89/34/78 90/35/79 145/354/132 313/355/299 
f 474/401/460 621/400/599 237/142/223 238/143/224 
f 472/403/458 623/402/601 621/400/599 474/401/460 
f 47/16/41 48/13/34 623/402/601 472/403/458 
f 631/417/609 341/416/327 239/158/225 153/159/140 
f 632/419/177 343/418/329 341/416/327 631/417/609 
f 27/27/9 28/28/22 343/418/329 632/419/177 
f 521/401/507 568/400/554 240/142/226 241/143/227 
f 517/403/503 570/402/556 568/400/554 521/401/507 
f 43/16/37 44/13/38 570/402/556 517/403/503 
f 655/349/606 635/348/612 242/90/228 243/91/229 
f 651/351/602 637/350/614 635/348/612 655/349/606 
f 40/17/34 37/18/31 637/350/614 651/351/602 
# 594 polygons - 128 triangles

